TIME,P,TAVG,THA,THB,TCA,TCB,WRCA,WRCB,PSGA,PSGB,WFWA,WFWB,WSTA,WSTB,VOL,LVPZ,VOID,WLR,WUP,HUP,HLW,WHPI,WECS,QMWT,LSGA,LSGB,QMGA,QMGB,NSGA,NSGB,TBLD,WTRA,WTRB,TSAT,QRHR,LVCR,SCMA,SCMB,FRCL,PRB,PRBA,TRB,LWRB,DNBR,QFCL,WBK,WSPY,WCSP,HTR,MH2,CNH2,RHBR,RHMT,RHFL,RHRD,RH,PWNT,PWR,TFSB,TFPK,TF,TPCT,WCFT,WLPI,WCHG,RM1,RM2,RM3,RM4,RC87,RC131,STRB,STSG,STTB,RBLK,SGLK,DTHY,DWB,WRLA,WRLB,WLD,MBK,EBK,TKLV,FRZR,TDBR,MDBR,MCRT,MGAS,TCRT,TSLP,PPM,RRCA,RRCB,RRCO,WFLB
0.0,155.50001525878906,310.0,327.823974609375,327.8232116699219,292.1760559082031,292.1767883300781,16515.818359375,33031.63671875,67.00003051757812,67.00004577636719,1915.810302734375,3831.62060546875,1915.86474609375,3831.56591796875,289.6449890136719,62.0,2.973992195620667e-06,0.0,0.0,2582.676025390625,1290.2734375,0.0,23.700000762939453,2895.0,11.830000877380371,11.830000877380371,971.0827026367188,1942.0826416015625,50.0,50.0,100.0,0.0,0.0,344.9923095703125,0.0,7.924896240234375,17.16834259033203,17.16908836364746,0.0,1.034000039100647,0.9067617654800415,50.0,0.09999999403953552,2.3000001907348633,0.0,0.0,0.0,0.0,0.0,0.0,0.0,-0.0,-0.0,-0.0,0.0,0.0,100.0,100.0,788.9000244140625,788.9000244140625,788.9000244140625,549.4500122070312,0.0,0.0,23.700000762939453,0.0010999999940395355,0.02200000174343586,0.03299999609589577,0.04399999976158142,5655.8173828125,114276.53125,0.02126905508339405,0.0,3.1392715754918754e-05,0.6668071150779724,0.0,0.0001689466880634427,1.691944635240361e-05,0.0,0.0,23.700000762939453,0.0,0.0,1600.0,0.0,50.0,0.0,0.0,0.0,50.0,50.0,200.0,1.0,1.0,1.0000001192092896,0.0
10.0,155.4730682373047,309.9831848144531,327.8082580566406,327.80743408203125,292.1593017578125,292.1600646972656,16515.818359375,33031.63671875,66.98776245117188,66.98779296875,1917.3016357421875,3834.582275390625,1915.8453369140625,3831.58544921875,289.626220703125,61.952762603759766,2.7704809326678514e-06,0.0,0.0,2582.7587890625,1290.1939697265625,0.0,23.40960693359375,2904.72802734375,11.830055236816406,11.830069541931152,970.938720703125,1941.7861328125,49.933799743652344,49.933414459228516,100.0,0.0,0.0,344.9778747558594,0.0,7.924896240234375,17.169597625732422,17.17044448852539,0.0,1.034000039100647,0.9067617654800415,50.0,0.09999999403953552,2.29229736328125,0.0,0.0,0.0,0.0,8.083569563801886,0.0,0.0,-0.0,0.0019548044074326754,-0.0025064393412321806,0.0,-0.0005516348755918443,100.30370330810547,100.33602905273438,790.467529296875,790.4913940429688,790.4913940429688,550.23681640625,0.0,0.0,23.40960693359375,0.0010999999940395355,0.02200000174343586,0.03299999609589577,0.04399999976158142,5655.8173828125,114276.53125,0.02126905508339405,0.0,3.1392715754918754e-05,14.002949714660645,0.0,0.0001689466880634427,1.691944635240361e-05,0.0,0.0,23.700000762939453,0.0,0.0,1600.0,0.0,50.0,0.0,0.0,0.0,50.0,50.0,200.0,1.0,1.0,1.0000001192092896,0.0
20.0,155.47216796875,309.98089599609375,327.8124694824219,327.8116149902344,292.15509033203125,292.1559143066406,16515.818359375,33031.63671875,66.98538208007812,66.98542022705078,1916.946533203125,3833.864013671875,1915.8458251953125,3831.585205078125,289.626708984375,61.95402145385742,3.766910595004447e-06,0.0,0.0,2582.756103515625,1290.1768798828125,0.0,24.16560935974121,2901.98486328125,11.830361366271973,11.830388069152832,970.97314453125,1941.854248046875,49.95634841918945,49.95610809326172,100.0,0.0,0.0,344.97833251953125,0.0,7.924896240234375,17.16586685180664,17.16671371459961,0.0,1.034000039100647,0.9067617654800415,50.0,0.09999999403953552,2.294464349746704,0.0,0.0,0.0,0.0,7.808814787791006,0.0,0.0,-0.0,0.002222746377810836,-0.0017903748666867614,0.0,0.00043237156933173537,100.2861099243164,100.24127197265625,790.0698852539062,790.0368041992188,790.0368041992188,550.009033203125,0.0,0.0,24.16560935974121,0.0010999999940395355,0.02200000174343586,0.03299999609589577,0.04399999976158142,5655.8173828125,114276.53125,0.02126905508339405,0.0,3.1392715754918754e-05,27.339092254638672,0.0,0.0001689466880634427,1.691944635240361e-05,0.0,0.0,23.700000762939453,0.0,0.0,1600.0,0.0,50.0,0.0,0.0,0.0,50.0,50.0,200.0,1.0,1.0,1.0000001192092896,0.0
30.0,155.47605895996094,309.9833679199219,327.8130798339844,327.8122253417969,292.1517639160156,292.1526184082031,16515.818359375,33031.63671875,66.98270416259766,66.98273468017578,1917.1365966796875,3834.2353515625,1915.845947265625,3831.585205078125,289.6282958984375,61.95793914794922,-3.3774113035178743e-06,0.0,0.0,2582.7470703125,1290.1708984375,0.0,23.746627807617188,2903.243408203125,11.83069896697998,11.83073616027832,971.158447265625,1942.224609375,49.951629638671875,49.951507568359375,100.0,0.0,0.0,344.9799499511719,0.0,7.924896240234375,17.166851043701172,17.16769790649414,0.0,1.034000039100647,0.9067617654800415,50.0,0.09999999403953552,2.2934696674346924,0.0,0.0,0.0,0.0,6.921887769232641,0.0,0.0,-0.0,0.001935102161951363,-0.0021213837899267673,0.0,-0.00018628151156008244,100.26274871826172,100.28474426269531,790.2306518554688,790.2469482421875,790.2469482421875,550.1151123046875,0.0,0.0,23.746627807617188,0.0010999999940395355,0.02200000174343586,0.03299999609589577,0.04399999976158142,5655.8173828125,114276.53125,0.02126905508339405,0.0,3.1392715754918754e-05,40.675209045410156,0.0,0.0001689466880634427,1.691944635240361e-05,0.0,0.0,23.700000762939453,0.0,0.0,1600.0,0.0,50.0,0.0,0.0,0.0,50.0,50.0,200.0,1.0,1.0,1.0000001192092896,0.0
40.0,155.47508239746094,309.981201171875,327.8130798339844,327.8122253417969,292.1505432128906,292.1513977050781,16515.818359375,33031.63671875,66.98192596435547,66.98196411132812,1917.1368408203125,3834.229736328125,1915.8427734375,3831.58837890625,289.6269836425781,61.9547233581543,4.701952548202826e-06,0.0,0.0,2582.74951171875,1290.1641845703125,0.0,23.879261016845703,2903.22119140625,11.8310546875,11.831101417541504,971.1051025390625,1942.1177978515625,49.95592498779297,49.955963134765625,100.0,0.0,0.0,344.9794921875,0.0,7.924896240234375,17.16640853881836,17.16725730895996,0.0,1.034000039100647,0.9067617654800415,50.0,0.09999999403953552,2.293487071990967,0.0,0.0,0.0,0.0,7.167720645741161,0.0,0.0,-0.0,0.0021872844081372023,-0.0021123047918081284,0.0,7.497944170609117e-05,100.29653930664062,100.28398132324219,790.25048828125,790.2411499023438,790.2411499023438,550.1111450195312,0.0,0.0,23.879261016845703,0.0010999999940395355,0.02200000174343586,0.03299999609589577,0.04399999976158142,5655.8173828125,114276.53125,0.02126905508339405,0.0,3.1392715754918754e-05,54.011314392089844,0.0,0.0001689466880634427,1.691944635240361e-05,0.0,0.0,23.700000762939453,0.0,0.0,1600.0,0.0,50.0,0.0,0.0,0.0,50.0,50.0,200.0,1.0,1.0,1.0000001192092896,0.0
50.0,155.4782257080078,309.9822082519531,327.8139953613281,327.8131408691406,292.1501159667969,292.15093994140625,16515.818359375,33031.63671875,66.98167419433594,66.98170471191406,1917.0975341796875,3834.143310546875,1915.84619140625,3831.584716796875,289.6286315917969,61.95880126953125,7.201029461612052e-07,0.0,0.0,2582.739990234375,1290.1644287109375,0.0,23.84517478942871,2903.092041015625,11.831430435180664,11.831486701965332,971.1558227539062,1942.218994140625,49.96123123168945,49.96137237548828,100.0,0.0,0.0,344.9811706542969,0.0,7.924896240234375,17.167156219482422,17.16800308227539,0.0,1.034000039100647,0.9067617654800415,50.0,0.09999999403953552,2.2935891151428223,0.0,0.0,0.0,0.0,6.247051830232804,0.0,0.0,-0.0,0.002069075359031558,-0.002080368110910058,0.0,-1.1292693670839071e-05,100.27487182617188,100.2795181274414,790.2174682617188,790.2208862304688,790.2208862304688,550.1016235351562,0.0,0.0,23.84517478942871,0.0010999999940395355,0.02200000174343586,0.03299999609589577,0.04399999976158142,5655.8173828125,114276.53125,0.02126905508339405,0.0,3.1392715754918754e-05,67.34744262695312,0.0,0.0001689466880634427,1.691944635240361e-05,0.0,0.0,23.700000762939453,0.0,0.0,1600.0,0.0,50.0,0.0,0.0,0.0,50.0,50.0,200.0,1.0,1.0,1.0000001192092896,0.0
60.0,155.47926330566406,309.9817199707031,327.8137512207031,327.81292724609375,292.1496276855469,292.1505126953125,16515.818359375,33031.63671875,66.98136901855469,66.98139953613281,1917.1007080078125,3834.143798828125,1915.8465576171875,3831.584228515625,289.6286315917969,61.95881271362305,2.4367168407479767e-06,0.0,0.0,2582.7373046875,1290.1627197265625,0.0,23.82280158996582,2903.309814453125,11.831793785095215,11.831855773925781,971.14501953125,1942.19677734375,49.9639892578125,49.96420669555664,100.0,0.0,0.0,344.98162841796875,0.0,7.924896240234375,17.16786766052246,17.16871452331543,0.0,1.034000039100647,0.9067617654800415,50.0,0.09999999403953552,2.29341721534729,0.0,0.0,0.0,0.0,5.97711745463287,0.0,0.0,-0.0,0.0021242399234324694,-0.00213623046875,0.0,-1.1990661732852459e-05,100.2876968383789,100.28704071044922,790.2568359375,790.25634765625,790.25634765625,550.1190185546875,0.0,0.0,23.82280158996582,0.0010999999940395355,0.02200000174343586,0.03299999609589577,0.04399999976158142,5655.8173828125,114276.53125,0.02126905508339405,0.0,3.1392715754918754e-05,80.68362426757812,0.0,0.0001689466880634427,1.691944635240361e-05,0.0,0.0,23.700000762939453,0.0,0.0,1600.0,0.0,50.0,0.0,0.0,0.0,50.0,50.0,200.0,1.0,1.0,1.0000001192092896,0.0
70.0,155.4811553955078,309.9818115234375,327.8139953613281,327.8131408691406,292.1498107910156,292.15069580078125,16515.818359375,33031.63671875,66.9814224243164,66.98146057128906,1917.038818359375,3834.009765625,1915.846923828125,3831.583984375,289.6294250488281,61.960845947265625,4.805015578313032e-06,0.0,0.0,2582.7314453125,1290.1629638671875,0.0,23.8428955078125,2903.160400390625,11.832154273986816,11.832223892211914,971.1456298828125,1942.1973876953125,49.969276428222656,49.969547271728516,100.0,0.0,0.0,344.9826354980469,0.0,7.924896240234375,17.16864776611328,17.16949462890625,0.0,1.034000039100647,0.9067617654800415,50.0,0.09999999403953552,2.2935352325439453,0.0,0.0,0.0,0.0,5.4131477073049,0.0,0.0,-0.0,0.002116359304636717,-0.002097457880154252,0.0,1.8901366274803877e-05,100.28272247314453,100.28187561035156,790.2323608398438,790.2317504882812,790.2317504882812,550.1068115234375,0.0,0.0,23.8428955078125,0.0010999999940395355,0.02200000174343586,0.03299999609589577,0.04399999976158142,5655.8173828125,114276.53125,0.02126905508339405,0.0,3.1392715754918754e-05,94.01980590820312,0.0,0.0001689466880634427,1.691944635240361e-05,0.0,0.0,23.700000762939453,0.0,0.0,1600.0,0.0,50.0,0.0,0.0,0.0,50.0,50.0,200.0,1.0,1.0,1.0000001192092896,0.0
80.0,155.4828338623047,309.98193359375,327.81402587890625,327.8131408691406,292.1497802734375,292.150634765625,16515.818359375,33031.63671875,66.98137664794922,66.98140716552734,1917.0001220703125,3833.92529296875,1915.843994140625,3831.586669921875,289.6300354003906,61.96236038208008,2.3989114197320305e-06,0.0,0.0,2582.7265625,1290.163330078125,0.0,23.817413330078125,2903.23095703125,11.832497596740723,11.832571983337402,971.148681640625,1942.202880859375,49.97284698486328,49.97314453125,100.0,0.0,0.0,344.98345947265625,0.0,7.924896240234375,17.1694278717041,17.17030906677246,0.0,1.034000039100647,0.9067617654800415,50.0,0.09999999403953552,2.2934794425964355,0.0,0.0,0.0,0.0,4.940762550005015,0.0,0.0,-0.0,0.002100598067045212,-0.002116043120622635,0.0,-1.5445228200405836e-05,100.28251647949219,100.28431701660156,790.2421875,790.2435302734375,790.2435302734375,550.1127319335938,0.0,0.0,23.817413330078125,0.0010999999940395355,0.02200000174343586,0.03299999609589577,0.04399999976158142,5655.8173828125,114276.53125,0.02126905508339405,0.0,3.1392715754918754e-05,107.35598754882812,0.0,0.0001689466880634427,1.691944635240361e-05,0.0,0.0,23.700000762939453,0.0,0.0,1600.0,0.0,50.0,0.0,0.0,0.0,50.0,50.0,200.0,1.0,1.0,1.0000001192092896,0.0
90.0,155.48410034179688,309.98193359375,327.8139953613281,327.8130798339844,292.1498718261719,292.1507873535156,16515.818359375,33031.63671875,66.9814682006836,66.98149871826172,1916.9342041015625,3833.7880859375,1915.8455810546875,3831.58544921875,289.6304626464844,61.963443756103516,-2.055949607893126e-06,0.0,0.0,2582.72265625,1290.163818359375,0.0,23.827829360961914,2903.171142578125,11.832828521728516,11.832907676696777,971.1426391601562,1942.188720703125,49.97710418701172,49.97750473022461,100.0,0.0,0.0,344.984130859375,0.0,7.924896240234375,17.17013931274414,17.17105484008789,0.0,1.034000039100647,0.9067617654800415,50.0,0.09999999403953552,2.2935266494750977,0.0,0.0,0.0,0.0,4.569602783555105,0.0,0.0,-0.0,0.002100598067045212,-0.002100448589771986,0.0,1.493026502430439e-07,100.28227996826172,100.2822494506836,790.233642578125,790.233642578125,790.233642578125,550.1077880859375,0.0,0.0,23.827829360961914,0.0010999999940395355,0.02200000174343586,0.03299999609589577,0.04399999976158142,5655.8173828125,114276.53125,0.02126905508339405,0.0,3.1392715754918754e-05,120.69216918945312,0.0,0.0001689466880634427,1.691944635240361e-05,0.0,0.0,23.700000762939453,0.0,0.0,1600.0,0.0,50.0,0.0,0.0,0.0,50.0,50.0,200.0,1.0,1.0,1.0000001192092896,0.0
100.0,155.48538208007812,309.98193359375,327.81390380859375,327.8130187988281,292.14996337890625,292.1508483886719,16515.818359375,33031.63671875,66.98149871826172,66.98153686523438,1916.871826171875,3833.65869140625,1915.84423828125,3831.586669921875,289.630859375,61.96440887451172,-3.379032250450109e-06,0.0,0.0,2582.718994140625,1290.164306640625,0.0,23.822935104370117,2903.172607421875,11.833139419555664,11.833221435546875,971.1370849609375,1942.1796875,49.98075866699219,49.98118209838867,100.0,0.0,0.0,344.9847717285156,0.0,7.924896240234375,17.17088508605957,17.17176628112793,0.0,1.034000039100647,0.9067617654800415,50.0,0.09999999403953552,2.293525457382202,0.0,0.0,0.0,0.0,4.2080835664454295,0.0,0.0,-0.0,0.002100598067045212,-0.0021008760668337345,0.0,-2.7799978852272034e-07,100.2823486328125,100.28230285644531,790.2339477539062,790.2339477539062,790.2339477539062,550.10791015625,0.0,0.0,23.822935104370117,0.0010999999940395355,0.02200000174343586,0.03299999609589577,0.04399999976158142,5655.8173828125,114276.53125,0.02126905508339405,0.0,3.1392715754918754e-05,134.02835083007812,0.0,0.0001689466880634427,1.691944635240361e-05,0.0,0.0,23.700000762939453,0.0,0.0,1600.0,0.0,50.0,0.0,0.0,0.0,50.0,50.0,200.0,1.0,1.0,1.0000001192092896,0.0
110.0,155.46119689941406,309.98236083984375,327.81396484375,327.8130798339844,292.150390625,292.1512451171875,16515.818359375,33031.63671875,66.98168182373047,66.98171997070312,1916.7877197265625,3833.483642578125,1915.8448486328125,3831.58642578125,289.6163635253906,61.92799758911133,2.8997405934205744e-06,0.0,0.0,2582.781494140625,1290.1673583984375,0.0,24.93149185180664,2903.058837890625,11.833433151245117,11.833516120910645,971.14404296875,1942.1927490234375,49.98501968383789,49.98542022705078,100.0,0.0,0.0,344.97393798828125,0.0,7.924896240234375,17.15996742248535,17.16084861755371,0.0,1.034000039100647,0.9067617654800415,50.0,0.09999999403953552,2.2936153411865234,0.0,0.0,0.0,0.0,10.271965462177095,0.0,0.0,-0.0,0.002049373695626855,-0.0020719298627227545,0.0,-2.2556225303560495e-05,100.2752914428711,100.27837371826172,790.2132568359375,790.2155151367188,790.2155151367188,550.0989379882812,0.0,0.0,24.93149185180664,0.0010999999940395355,0.02200000174343586,0.03299999609589577,7.042724132537842,5655.8173828125,114276.53125,0.02126905508339405,0.0,3.1392715754918754e-05,147.36453247070312,0.0,0.020854124799370766,0.0017275346908718348,0.0,0.0,33.72509765625,0.0,0.0,1600.0,0.0,50.0,0.0,0.0,0.0,50.0,50.0,200.0,1.0,1.0,1.0000001192092896,0.0
120.0,155.38995361328125,309.981689453125,327.81365966796875,327.8127746582031,292.15020751953125,292.1510925292969,16515.818359375,33031.63671875,66.98164367675781,66.98168182373047,1916.7352294921875,3833.3759765625,1915.8446044921875,3831.58642578125,289.56793212890625,61.806114196777344,2.6164871087530628e-06,0.0,0.0,2582.989501953125,1290.17041015625,0.0,25.786848068237305,2903.17138671875,11.833699226379395,11.833784103393555,971.1167602539062,1942.1383056640625,49.98733901977539,49.987796783447266,100.0,0.0,0.0,344.9377136230469,0.0,7.924896240234375,17.12405776977539,17.12493896484375,0.0,1.034000039100647,0.9067617654800415,50.0,0.09999999403953552,2.2935264110565186,0.0,0.0,0.0,0.0,30.526682421140823,0.0,0.0,-0.0,0.002128180116415024,-0.0021001282148063183,0.0,2.8051959816366434e-05,100.28656005859375,100.28225708007812,790.2366333007812,790.2334594726562,790.2334594726562,550.1075439453125,0.0,0.0,25.786848068237305,0.0010999999940395355,0.02200000174343586,0.03299999609589577,20.009647369384766,5655.8173828125,114276.53125,0.02126905508339405,0.0,3.1392715754918754e-05,160.70071411132812,0.0,0.05917872115969658,0.004896886181086302,0.0,0.0,34.8390007019043,0.0,0.0,1600.0,0.0,50.0,0.0,0.0,0.0,50.0,50.0,200.0,1.0,1.0,1.0000001192092896,0.0
130.0,155.3246307373047,309.9816589355469,327.81365966796875,327.8127746582031,292.14996337890625,292.15081787109375,16515.818359375,33031.63671875,66.9814453125,66.98148345947266,1916.681396484375,3833.264892578125,1915.8448486328125,3831.58642578125,289.5208435058594,61.68760681152344,-2.583657987997867e-06,0.0,0.0,2583.182373046875,1290.1734619140625,0.0,26.162513732910156,2903.2861328125,11.833950996398926,11.834035873413086,971.1215209960938,1942.147705078125,49.989505767822266,49.989967346191406,100.0,0.0,0.0,344.9040832519531,0.0,7.924896240234375,17.09041976928711,17.0913028717041,0.0,1.034000039100647,0.9067617654800415,50.0,0.09999999403953552,2.29343581199646,0.0,0.0,0.0,0.0,49.32086030450638,0.0,0.0,-0.0,0.0021321203093975782,-0.0021300355438143015,0.0,2.084823790937662e-06,100.28609466552734,100.28622436523438,790.2523803710938,790.25244140625,790.25244140625,550.1170654296875,0.0,0.0,26.162513732910156,0.0010999999940395355,0.02200000174343586,0.03299999609589577,30.615385055541992,5655.8173828125,114276.53125,0.02126905508339405,0.0,3.1392715754918754e-05,174.03689575195312,0.0,0.09052467346191406,0.0074891215190291405,0.0,0.0,34.8390007019043,0.0,0.0,1600.0,0.0,50.0,0.0,0.0,0.0,50.0,50.0,200.0,1.0,1.0,1.0000001192092896,0.0
140.0,155.26441955566406,309.9813232421875,327.8128967285156,327.81201171875,292.1498718261719,292.1507568359375,16515.818359375,33031.63671875,66.98117065429688,66.98120880126953,1916.6337890625,3833.166015625,1915.8448486328125,3831.58642578125,289.47528076171875,61.57304763793945,8.457259781380344e-08,0.0,0.0,2583.360107421875,1290.175537109375,0.0,26.539409637451172,2903.438720703125,11.834186553955078,11.834272384643555,971.1141967773438,1942.1329345703125,49.9912109375,49.99168014526367,100.0,0.0,0.0,344.8730773925781,0.0,7.924896240234375,17.06020736694336,17.06109046936035,0.0,1.034000039100647,0.9067617654800415,50.0,0.09999999403953552,2.2933151721954346,0.0,0.0,0.0,0.0,66.64486032330514,0.0,0.0,-0.0,0.002171523170545697,-0.0021692353766411543,0.0,2.28791031986475e-06,100.29237365722656,100.29149627685547,790.2780151367188,790.27734375,790.27734375,550.1293334960938,0.0,0.0,26.539409637451172,0.0010999999940395355,0.02200000174343586,0.03299999609589577,39.289886474609375,5655.8173828125,114276.53125,0.02126905508339405,0.0,3.1392715754918754e-05,187.37307739257812,0.0,0.1161627396941185,0.009609327651560307,0.0,0.0,34.8390007019043,0.0,0.0,1600.0,0.0,50.0,0.0,0.0,0.0,50.0,50.0,200.0,1.0,1.0,1.0000001192092896,0.0
150.0,155.20953369140625,309.9809875488281,327.8127746582031,327.8118896484375,292.1495361328125,292.1504211425781,16515.818359375,33031.63671875,66.98092651367188,66.98096466064453,1916.5802001953125,3833.055908203125,1915.844970703125,3831.5859375,289.43157958984375,61.46309280395508,4.689764864451718e-06,0.0,0.0,2583.522216796875,1290.1776123046875,0.0,26.906892776489258,2903.547119140625,11.834405899047852,11.834491729736328,971.1078491210938,1942.1199951171875,49.9930419921875,49.99351119995117,100.0,0.0,0.0,344.8448486328125,0.0,7.924896240234375,17.03206443786621,17.03294563293457,0.0,1.034000039100647,0.9067617654800415,50.0,0.09999999403953552,2.293229818344116,0.0,0.0,0.0,0.0,82.43119687178385,0.0,0.0,-0.0,0.0022109257988631725,-0.002196899615228176,0.0,1.4026241842657328e-05,100.29754638671875,100.29523468017578,790.2965698242188,790.2948608398438,790.2948608398438,550.137939453125,0.0,0.0,26.906892776489258,0.0010999999940395355,0.02200000174343586,0.03299999609589577,46.38482666015625,5655.8173828125,114276.53125,0.02126905508339405,0.0,3.1392715754918754e-05,200.70925903320312,0.0,0.13713225722312927,0.011343458667397499,0.0,0.0,34.8390007019043,0.0,0.0,1600.0,0.0,50.0,0.0,0.0,0.0,50.0,50.0,200.0,1.0,1.0,1.0000001192092896,0.0
160.0,155.15966796875,309.9806823730469,327.8125915527344,327.81170654296875,292.1492919921875,292.1501770019531,16515.818359375,33031.63671875,66.98069763183594,66.9807357788086,1916.5257568359375,3832.943115234375,1915.844970703125,3831.5859375,289.3896789550781,61.35768127441406,2.076646069326671e-06,0.0,0.0,2583.669189453125,1290.178955078125,0.0,27.258689880371094,2903.642578125,11.834610939025879,11.834696769714355,971.1038208007812,1942.11181640625,49.99478530883789,49.9952507019043,100.0,0.0,0.0,344.8192138671875,0.0,7.924896240234375,17.006633758544922,17.00751495361328,0.0,1.034000039100647,0.9067617654800415,50.0,0.09999999403953552,2.293154239654541,0.0,0.0,0.0,0.0,96.77628198186795,0.0,0.0,-0.0,0.002246387768536806,-0.0022213594056665897,0.0,2.502836287021637e-05,100.30085754394531,100.29853820800781,790.3121337890625,790.3104248046875,790.3104248046875,550.1455688476562,0.0,0.0,27.258689880371094,0.0010999999940395355,0.02200000174343586,0.03299999609589577,52.18783187866211,5655.8173828125,114276.53125,0.02126905508339405,0.0,3.1392715754918754e-05,214.04544067382812,0.0,0.15428341925144196,0.01276182010769844,0.0,0.0,34.8390007019043,0.0,0.0,1600.0,0.0,50.0,0.0,0.0,0.0,50.0,50.0,200.0,1.0,1.0,1.0000001192092896,0.0
170.0,155.114501953125,309.9804992675781,327.8123779296875,327.81146240234375,292.14910888671875,292.1499938964844,16515.818359375,33031.63671875,66.98045349121094,66.9804916381836,1916.47412109375,3832.83642578125,1915.84521484375,3831.58544921875,289.3494567871094,61.25653839111328,3.2217865282291314e-06,0.0,0.0,2583.80224609375,1290.1806640625,0.0,27.591819763183594,2903.75146484375,11.834799766540527,11.83488655090332,971.1036987304688,1942.1112060546875,49.99626159667969,49.99672317504883,100.0,0.0,0.0,344.79595947265625,0.0,7.924896240234375,16.98357582092285,16.9844913482666,0.0,1.034000039100647,0.9067617654800415,50.0,0.09999999403953552,2.2930684089660645,0.0,0.0,0.0,0.0,109.77168716653935,0.0,0.0,-0.0,0.0022660887334495783,-0.0022494508884847164,0.0,1.6637903172522783e-05,100.30341339111328,100.30229187011719,790.3290405273438,790.3282470703125,790.3282470703125,550.1544189453125,0.0,0.0,27.591819763183594,0.0010999999940395355,0.02200000174343586,0.03299999609589577,56.934146881103516,5655.8173828125,114276.53125,0.02126905508339405,0.0,3.1392715754918754e-05,227.38162231445312,0.0,0.1683114469051361,0.013921905308961868,0.0,0.0,34.8390007019043,0.0,0.0,1600.0,0.0,50.0,0.0,0.0,0.0,50.0,50.0,200.0,1.0,1.0,1.0000001192092896,0.0
180.0,155.07382202148438,309.9803466796875,327.81231689453125,327.8114013671875,292.1485595703125,292.1494140625,16515.818359375,33031.63671875,66.98017883300781,66.98021697998047,1916.4290771484375,3832.74462890625,1915.84521484375,3831.58544921875,289.3109436035156,61.15962219238281,1.830935957514157e-06,0.0,0.0,2583.92236328125,1290.1820068359375,0.0,27.90114402770996,2903.895263671875,11.834976196289062,11.83505916595459,971.1038818359375,1942.1116943359375,49.9973258972168,49.99776077270508,100.0,0.0,0.0,344.7749938964844,0.0,7.924896240234375,16.962688446044922,16.963603973388672,0.0,1.034000039100647,0.9067617654800415,50.0,0.09999999403953552,2.292954683303833,0.0,0.0,0.0,0.0,121.4897345267883,0.0,0.0,-0.0,0.0022857896983623505,-0.0022866211365908384,0.0,-8.315546438097954e-07,100.30748748779297,100.30726623535156,790.3519897460938,790.3518676757812,790.3518676757812,550.1660766601562,0.0,0.0,27.90114402770996,0.0010999999940395355,0.02200000174343586,0.03299999609589577,60.81617736816406,5655.8173828125,114276.53125,0.02126905508339405,0.0,3.1392715754918754e-05,240.71780395507812,0.0,0.17978507280349731,0.014870744198560715,0.0,0.0,34.8390007019043,0.0,0.0,1600.0,0.0,50.0,0.0,0.0,0.0,50.0,50.0,200.0,1.0,1.0,1.0000001192092896,0.0
190.0,155.03713989257812,309.9800720214844,327.8121032714844,327.8111877441406,292.1483459472656,292.14923095703125,16515.818359375,33031.63671875,66.97993469238281,66.97997283935547,1916.3814697265625,3832.648193359375,1915.8453369140625,3831.58544921875,289.27392578125,61.06648254394531,3.429374373808969e-06,0.0,0.0,2584.030517578125,1290.1826171875,0.0,28.209577560424805,2904.006103515625,11.835136413574219,11.83521842956543,971.1002807617188,1942.1041259765625,49.998443603515625,49.998863220214844,100.0,0.0,0.0,344.756103515625,0.0,7.924896240234375,16.94400405883789,16.94491958618164,0.0,1.034000039100647,0.9067617654800415,50.0,0.09999999403953552,2.2928671836853027,0.0,0.0,0.0,0.0,132.05091797806236,0.0,0.0,-0.0,0.0023173110093921423,-0.002315032994374633,0.0,2.277956809848547e-06,100.3118896484375,100.31108856201172,790.3704833984375,790.369873046875,790.369873046875,550.1749877929688,0.0,0.0,28.209577560424805,0.0010999999940395355,0.02200000174343586,0.03299999609589577,63.99132537841797,5655.8173828125,114276.53125,0.02126905508339405,0.0,3.1392715754918754e-05,254.05398559570312,0.0,0.18916945159435272,0.015646805986762047,0.0,0.0,34.8390007019043,0.0,0.0,1600.0,0.0,50.0,0.0,0.0,0.0,50.0,50.0,200.0,1.0,1.0,1.0000001192092896,0.0
200.0,155.00430297851562,309.9797668457031,327.8117370605469,327.81085205078125,292.14813232421875,292.1490173339844,16515.818359375,33031.63671875,66.97969818115234,66.979736328125,1916.335693359375,3832.554931640625,1915.8453369140625,3831.58544921875,289.2383728027344,60.977088928222656,3.4394656722724903e-06,0.0,0.0,2584.12744140625,1290.183349609375,0.0,28.505245208740234,2904.1103515625,11.835282325744629,11.835363388061523,971.095458984375,1942.094482421875,49.99944305419922,49.99983596801758,100.0,0.0,0.0,344.73919677734375,0.0,7.924896240234375,16.92745590209961,16.9283390045166,0.0,1.034000039100647,0.9067617654800415,50.0,0.09999999403953552,2.2927849292755127,0.0,0.0,0.0,0.0,141.50825387746892,0.0,0.0,-0.0,0.002352772280573845,-0.002341735875234008,0.0,1.103634713217616e-05,100.31666564941406,100.31468963623047,790.3883666992188,790.3868408203125,790.3868408203125,550.183349609375,0.0,0.0,28.505245208740234,0.0010999999940395355,0.02200000174343586,0.03299999609589577,66.58829498291016,5655.8173828125,114276.53125,0.02126905508339405,0.0,3.1392715754918754e-05,267.3901672363281,0.0,0.19684499502182007,0.016281556338071823,0.0,0.0,34.8390007019043,0.0,0.0,1600.0,0.0,50.0,0.0,0.0,0.0,50.0,50.0,200.0,1.0,1.0,1.0000001192092896,0.0
210.0,154.97515869140625,309.9795227050781,327.81170654296875,327.8108215332031,292.1478271484375,292.14874267578125,16515.818359375,33031.63671875,66.97950744628906,66.97953796386719,1916.2850341796875,3832.455322265625,1915.841796875,3831.589111328125,289.20440673828125,60.89157485961914,1.0182494634136674e-06,0.0,0.0,2584.213134765625,1290.18408203125,0.0,28.794343948364258,2904.17626953125,11.835417747497559,11.835495948791504,971.0914916992188,1942.0872802734375,50.00053787231445,50.00094985961914,100.0,0.0,0.0,344.7241516113281,0.0,7.924896240234375,16.9124698638916,16.91335105895996,0.0,1.034000039100647,0.9067617654800415,50.0,0.09999999403953552,2.2927329540252686,0.0,0.0,0.0,0.0,149.89550917012372,0.0,0.0,-0.0,0.0023803531657904387,-0.0023586121387779713,0.0,2.1740910597145557e-05,100.3187255859375,100.31697082519531,790.3988647460938,790.3975830078125,790.3975830078125,550.1885375976562,0.0,0.0,28.794343948364258,0.0010999999940395355,0.02200000174343586,0.03299999609589577,68.7123794555664,5655.8173828125,114276.53125,0.02126905508339405,0.0,3.1392715754918754e-05,280.7263488769531,0.0,0.20312289893627167,0.016800720244646072,0.0,0.0,34.8390007019043,0.0,0.0,1600.0,0.0,50.0,0.0,0.0,0.0,50.0,50.0,200.0,1.0,1.0,1.0000001192092896,0.0
220.0,154.94940185546875,309.9794616699219,327.8116760253906,327.810791015625,292.1474914550781,292.14837646484375,16515.818359375,33031.63671875,66.97929382324219,66.97933197021484,1916.24462890625,3832.370361328125,1915.84375,3831.587158203125,289.1717834472656,60.809539794921875,-1.30539444853639e-06,0.0,0.0,2584.28955078125,1290.1846923828125,0.0,29.057043075561523,2904.280029296875,11.835538864135742,11.835615158081055,971.095703125,1942.092529296875,50.00127029418945,50.00162124633789,100.0,0.0,0.0,344.7109069824219,0.0,7.924896240234375,16.89924430847168,16.900127410888672,0.0,1.034000039100647,0.9067617654800415,50.0,0.09999999403953552,2.2926509380340576,0.0,0.0,0.0,0.0,157.32351282841333,0.0,0.0,-0.0,0.002388233318924904,-0.0023855287581682205,0.0,2.7045607566833496e-06,100.3205795288086,100.320556640625,790.4146728515625,790.4146728515625,790.4146728515625,550.1970825195312,0.0,0.0,29.057043075561523,0.0010999999940395355,0.02200000174343586,0.03299999609589577,70.44969177246094,5655.8173828125,114276.53125,0.02126905508339405,0.0,3.1392715754918754e-05,294.0625305175781,0.0,0.20825760066509247,0.017225347459316254,0.0,0.0,34.8390007019043,0.0,0.0,1600.0,0.0,50.0,0.0,0.0,0.0,50.0,50.0,200.0,1.0,1.0,1.0000001192092896,0.0
230.0,154.9266815185547,309.9792175292969,327.811279296875,327.81036376953125,292.1474304199219,292.1483154296875,16515.818359375,33031.63671875,66.97907257080078,66.97911071777344,1916.20849609375,3832.296142578125,1915.8453369140625,3831.58544921875,289.1404724121094,60.73076248168945,5.0209091568831354e-06,0.0,0.0,2584.356689453125,1290.1851806640625,0.0,29.312971115112305,2904.39794921875,11.835647583007812,11.835721969604492,971.0914306640625,1942.0863037109375,50.001739501953125,50.0020637512207,100.0,0.0,0.0,344.6991882324219,0.0,7.924896240234375,16.88788604736328,16.88880157470703,0.0,1.034000039100647,0.9067617654800415,50.0,0.09999999403953552,2.292557954788208,0.0,0.0,0.0,0.0,163.87425189638898,0.0,0.0,-0.0,0.0024158142041414976,-0.002415756229311228,0.0,5.7800207287073135e-08,100.32501220703125,100.32462310791016,790.4341430664062,790.433837890625,790.433837890625,550.20654296875,0.0,0.0,29.312971115112305,0.0010999999940395355,0.02200000174343586,0.03299999609589577,71.87064361572266,5655.8173828125,114276.53125,0.02126905508339405,0.0,3.1392715754918754e-05,307.3987121582031,0.0,0.2124573141336441,0.017572656273841858,0.0,0.0,34.8390007019043,0.0,0.0,1600.0,0.0,50.0,0.0,0.0,0.0,50.0,50.0,200.0,1.0,1.0,1.0000001192092896,0.0
240.0,154.9068603515625,309.97894287109375,327.8109436035156,327.8100280761719,292.14727783203125,292.1481628417969,16515.818359375,33031.63671875,66.97886657714844,66.9789047241211,1916.1708984375,3832.2216796875,1915.8453369140625,3831.58544921875,289.11041259765625,60.65513610839844,3.975431354774628e-06,0.0,0.0,2584.415283203125,1290.1851806640625,0.0,29.56085205078125,2904.487548828125,11.835745811462402,11.835817337036133,971.0870971679688,1942.07763671875,50.002262115478516,50.002559661865234,100.0,0.0,0.0,344.6889343261719,0.0,7.924896240234375,16.87798500061035,16.8789005279541,0.0,1.034000039100647,0.9067617654800415,50.0,0.09999999403953552,2.292487144470215,0.0,0.0,0.0,0.0,169.59588209368192,0.0,0.0,-0.0,0.002447334583848715,-0.0024387207813560963,0.0,8.61380249261856e-06,100.32936096191406,100.32772064208984,790.4496459960938,790.4484252929688,790.4484252929688,550.2136840820312,0.0,0.0,29.56085205078125,0.0010999999940395355,0.02200000174343586,0.03299999609589577,73.0328598022461,5655.8173828125,114276.53125,0.02126905508339405,0.0,3.1392715754918754e-05,320.7348937988281,0.0,0.2158922702074051,0.017856724560260773,0.0,0.0,34.8390007019043,0.0,0.0,1600.0,0.0,50.0,0.0,0.0,0.0,50.0,50.0,200.0,1.0,1.0,1.0000001192092896,0.0
250.0,154.88987731933594,309.978759765625,327.8108825683594,327.80999755859375,292.1470642089844,292.14794921875,16515.818359375,33031.63671875,66.97870635986328,66.97874450683594,1916.1300048828125,3832.140869140625,1915.8421630859375,3831.588623046875,289.0816955566406,60.58287811279297,-3.1313475119532086e-06,0.0,0.0,2584.465087890625,1290.1854248046875,0.0,29.80417251586914,2904.537109375,11.835833549499512,11.835902214050293,971.0838012695312,1942.071044921875,50.00295639038086,50.003211975097656,100.0,0.0,0.0,344.68017578125,0.0,7.924896240234375,16.869304656982422,16.87018585205078,0.0,1.034000039100647,0.9067617654800415,50.0,0.09999999403953552,2.292448043823242,0.0,0.0,0.0,0.0,174.48845170477043,0.0,0.0,-0.0,0.002470974810421467,-0.002451324602589011,0.0,1.9650324247777462e-05,100.33086395263672,100.32942962646484,790.45751953125,790.4564208984375,790.4564208984375,550.2175903320312,0.0,0.0,29.80417251586914,0.0010999999940395355,0.02200000174343586,0.03299999609589577,73.98345184326172,5655.8173828125,114276.53125,0.02126905508339405,0.0,3.1392715754918754e-05,334.0710754394531,0.0,0.21870172023773193,0.018089063465595245,0.0,0.0,34.8390007019043,0.0,0.0,1600.0,0.0,50.0,0.0,0.0,0.0,50.0,50.0,200.0,1.0,1.0,1.0000001192092896,0.0
260.0,154.87539672851562,309.97869873046875,327.8108825683594,327.80999755859375,292.1466369628906,292.14752197265625,16515.818359375,33031.63671875,66.978515625,66.97856140136719,1916.098876953125,3832.0791015625,1915.841796875,3831.589111328125,289.05413818359375,60.513526916503906,-2.0556994968501385e-06,0.0,0.0,2584.508056640625,1290.1856689453125,0.0,30.027265548706055,2904.63232421875,11.83591079711914,11.835978507995605,971.0868530273438,1942.077880859375,50.0031623840332,50.003456115722656,100.0,0.0,0.0,344.6726989746094,0.0,7.924896240234375,16.8618106842041,16.86269187927246,0.0,1.034000039100647,0.9067617654800415,50.0,0.09999999403953552,2.292372941970825,0.0,0.0,0.0,0.0,178.67243050286288,0.0,0.0,-0.0,0.0024749150034040213,-0.0024761047679930925,0.0,-1.1898810043931007e-06,100.33274841308594,100.33272552490234,790.47216796875,790.47216796875,790.47216796875,550.2254638671875,0.0,0.0,30.027265548706055,0.0010999999940395355,0.02200000174343586,0.03299999609589577,74.76093292236328,5655.8173828125,114276.53125,0.02126905508339405,0.0,3.1392715754918754e-05,347.4072570800781,0.0,0.22099964320659637,0.018279096111655235,0.0,0.0,34.8390007019043,0.0,0.0,1600.0,0.0,50.0,0.0,0.0,0.0,50.0,50.0,200.0,1.0,1.0,1.0000001192092896,0.0
270.0,154.86325073242188,309.9784851074219,327.8107604980469,327.80987548828125,292.146484375,292.1473693847656,16515.818359375,33031.63671875,66.97832489013672,66.97836303710938,1916.0723876953125,3832.025146484375,1915.8455810546875,3831.58544921875,289.0276794433594,60.44697570800781,1.615706310076348e-06,0.0,0.0,2584.543701171875,1290.1854248046875,0.0,30.24258041381836,2904.734130859375,11.835978507995605,11.836044311523438,971.0833129882812,1942.0699462890625,50.0032844543457,50.00351333618164,100.0,0.0,0.0,344.6664123535156,0.0,7.924896240234375,16.85567283630371,16.85655403137207,0.0,1.034000039100647,0.9067617654800415,50.0,0.09999999403953552,2.292292356491089,0.0,0.0,0.0,0.0,182.19121013907088,0.0,0.0,-0.0,0.002502495190128684,-0.0025022735353559256,0.0,2.2159656509757042e-07,100.33662414550781,100.33624267578125,790.4890747070312,790.48876953125,790.48876953125,550.233642578125,0.0,0.0,30.24258041381836,0.0010999999940395355,0.02200000174343586,0.03299999609589577,75.39684295654297,5655.8173828125,114276.53125,0.02126905508339405,0.0,3.1392715754918754e-05,360.7434387207031,0.0,0.22287914156913757,0.018434522673487663,0.0,0.0,34.8390007019043,0.0,0.0,1600.0,0.0,50.0,0.0,0.0,0.0,50.0,50.0,200.0,1.0,1.0,1.0000001192092896,0.0
280.0,154.85321044921875,309.978271484375,327.810546875,327.80963134765625,292.1463317871094,292.147216796875,16515.818359375,33031.63671875,66.97816467285156,66.97820281982422,1916.04345703125,3831.9677734375,1915.8453369140625,3831.58544921875,289.0023193359375,60.38315963745117,-1.8446078229317209e-06,0.0,0.0,2584.573486328125,1290.1849365234375,0.0,30.45554542541504,2904.803466796875,11.836038589477539,11.836102485656738,971.0806274414062,1942.064697265625,50.00351333618164,50.00371551513672,100.0,0.0,0.0,344.6612243652344,0.0,7.924896240234375,16.850688934326172,16.851604461669922,0.0,1.034000039100647,0.9067617654800415,50.0,0.09999999403953552,2.2922377586364746,0.0,0.0,0.0,0.0,185.08819835933207,0.0,0.0,-0.0,0.002526135416701436,-0.0025200045201927423,0.0,6.130838301032782e-06,100.33988189697266,100.33863830566406,790.5009765625,790.5000610351562,790.5000610351562,550.2391357421875,0.0,0.0,30.45554542541504,0.0010999999940395355,0.02200000174343586,0.03299999609589577,75.91694641113281,5655.8173828125,114276.53125,0.02126905508339405,0.0,3.1392715754918754e-05,374.0796203613281,0.0,0.22441637516021729,0.018561648204922676,0.0,0.0,34.8390007019043,0.0,0.0,1600.0,0.0,50.0,0.0,0.0,0.0,50.0,50.0,200.0,1.0,1.0,1.0000001192092896,0.0
290.0,154.84519958496094,309.97802734375,327.8104553222656,327.8095703125,292.1461181640625,292.14697265625,16515.818359375,33031.63671875,66.97801971435547,66.97805786132812,1916.01416015625,3831.9111328125,1915.8453369140625,3831.58544921875,288.97796630859375,60.32197952270508,3.991219728050055e-06,0.0,0.0,2584.597412109375,1290.1846923828125,0.0,30.65986442565918,2904.849853515625,11.836091041564941,11.836151123046875,971.07666015625,1942.056884765625,50.003807067871094,50.00396728515625,100.0,0.0,0.0,344.6571044921875,0.0,7.924896240234375,16.84665298461914,16.8475341796875,0.0,1.034000039100647,0.9067617654800415,50.0,0.09999999403953552,2.292201042175293,0.0,0.0,0.0,0.0,187.4067385302797,0.0,0.0,-0.0,0.002553715370595455,-0.002531753620132804,0.0,2.1961634047329426e-05,100.34198760986328,100.34024047851562,790.5087890625,790.5075073242188,790.5075073242188,550.2427978515625,0.0,0.0,30.65986442565918,0.0010999999940395355,0.02200000174343586,0.03299999609589577,76.34235382080078,5655.8173828125,114276.53125,0.02126905508339405,0.0,3.1392715754918754e-05,387.4158020019531,0.0,0.22567369043827057,0.018665622919797897,0.0,0.0,34.8390007019043,0.0,0.0,1600.0,0.0,50.0,0.0,0.0,0.0,50.0,50.0,200.0,1.0,1.0,1.0000001192092896,0.0
300.0,154.83924865722656,309.97802734375,327.8104553222656,327.8095703125,292.14569091796875,292.1465759277344,16515.818359375,33031.63671875,66.97785186767578,66.97789001464844,1915.993896484375,3831.871337890625,1915.8453369140625,3831.58544921875,288.95477294921875,60.263587951660156,2.711312845349312e-07,0.0,0.0,2584.615234375,1290.1846923828125,0.0,30.845874786376953,2904.938720703125,11.836135864257812,11.836194038391113,971.0805053710938,1942.0645751953125,50.00372314453125,50.00385665893555,100.0,0.0,0.0,344.6539611816406,0.0,7.924896240234375,16.84353256225586,16.84441566467285,0.0,1.034000039100647,0.9067617654800415,50.0,0.09999999403953552,2.292131185531616,0.0,0.0,0.0,0.0,189.14203439374202,0.0,0.0,-0.0,0.002553715370595455,-0.0025548250414431095,0.0,-1.1097290553152561e-06,100.34330749511719,100.34330749511719,790.5221557617188,790.5221557617188,790.5221557617188,550.2500610351562,0.0,0.0,30.845874786376953,0.0010999999940395355,0.02200000174343586,0.03299999609589577,76.6903076171875,5655.8173828125,114276.53125,0.02126905508339405,0.0,3.1392715754918754e-05,400.7519836425781,0.0,0.22670206427574158,0.018750665709376335,0.0,0.0,34.8390007019043,0.0,0.0,1600.0,0.0,50.0,0.0,0.0,0.0,50.0,50.0,200.0,1.0,1.0,1.0000001192092896,0.0
310.0,154.83486938476562,309.977783203125,327.8103332519531,327.8094482421875,292.1455383300781,292.14642333984375,16515.818359375,33031.63671875,66.97766876220703,66.97771453857422,1915.977294921875,3831.839111328125,1915.841796875,3831.589111328125,288.93243408203125,60.207374572753906,-2.07004859476001e-07,0.0,0.0,2584.628173828125,1290.1837158203125,0.0,31.027681350708008,2905.031982421875,11.836173057556152,11.836230278015137,971.0770874023438,1942.058349609375,50.00347900390625,50.00365447998047,100.0,0.0,0.0,344.65167236328125,0.0,7.924896240234375,16.84132957458496,16.84221076965332,0.0,1.034000039100647,0.9067617654800415,50.0,0.09999999403953552,2.292057514190674,0.0,0.0,0.0,0.0,190.4242126185754,0.0,0.0,-0.0,0.0025812950916588306,-0.002578750718384981,0.0,2.5442568585276604e-06,100.34730529785156,100.34652709960938,790.5379028320312,790.537353515625,790.537353515625,550.257568359375,0.0,0.0,31.027681350708008,0.0010999999940395355,0.02200000174343586,0.03299999609589577,76.97488403320312,5655.8173828125,114276.53125,0.02126905508339405,0.0,3.1392715754918754e-05,414.0881652832031,0.0,0.22754314541816711,0.018820226192474365,0.0,0.0,34.8390007019043,0.0,0.0,1600.0,0.0,50.0,0.0,0.0,0.0,50.0,50.0,200.0,1.0,1.0,1.0000001192092896,0.0
320.0,154.83213806152344,309.9776306152344,327.8102111816406,327.809326171875,292.1454162597656,292.14630126953125,16515.818359375,33031.63671875,66.97754669189453,66.97758483886719,1915.953369140625,3831.7919921875,1915.8421630859375,3831.588623046875,288.91107177734375,60.15370559692383,5.313150722940918e-06,0.0,0.0,2584.636474609375,1290.1829833984375,0.0,31.211795806884766,2905.056640625,11.836207389831543,11.836261749267578,971.0747680664062,1942.05322265625,50.00374221801758,50.00383377075195,100.0,0.0,0.0,344.6502380371094,0.0,7.924896240234375,16.84004020690918,16.840923309326172,0.0,1.034000039100647,0.9067617654800415,50.0,0.09999999403953552,2.2920379638671875,0.0,0.0,0.0,0.0,191.21955454414237,0.0,0.0,-0.0,0.0026009948924183846,-0.0025849456433206797,0.0,1.6049074474722147e-05,100.34886169433594,100.34738159179688,790.5423583984375,790.541259765625,790.541259765625,550.2594604492188,0.0,0.0,31.211795806884766,0.0010999999940395355,0.02200000174343586,0.03299999609589577,77.20764923095703,5655.8173828125,114276.53125,0.02126905508339405,0.0,3.1392715754918754e-05,427.4243469238281,0.0,0.22823110222816467,0.018877115100622177,0.0,0.0,34.8390007019043,0.0,0.0,1600.0,0.0,50.0,0.0,0.0,0.0,50.0,50.0,200.0,1.0,1.0,1.0000001192092896,0.0
330.0,154.83084106445312,309.97760009765625,327.8100280761719,327.8091125488281,292.1453857421875,292.1462707519531,16515.818359375,33031.63671875,66.9774169921875,66.97745513916016,1915.9375,3831.76123046875,1915.8453369140625,3831.58544921875,288.8905944824219,60.10212326049805,3.4234835766255856e-07,0.0,0.0,2584.640380859375,1290.1826171875,0.0,31.37885284423828,2905.122314453125,11.836235046386719,11.836289405822754,971.078857421875,1942.0614013671875,50.00360870361328,50.00370407104492,100.0,0.0,0.0,344.6495666503906,0.0,7.924896240234375,16.83953285217285,16.8404483795166,0.0,1.034000039100647,0.9067617654800415,50.0,0.09999999403953552,2.2919862270355225,0.0,0.0,0.0,0.0,191.61481128301386,0.0,0.0,-0.0,0.0026049348525702953,-0.0026020356453955173,0.0,2.8990907594561577e-06,100.34962463378906,100.34964752197266,790.5521240234375,790.5521240234375,790.5521240234375,550.264892578125,0.0,0.0,31.37885284423828,0.0010999999940395355,0.02200000174343586,0.03299999609589577,77.39803314208984,5655.8173828125,114276.53125,0.02126905508339405,0.0,3.1392715754918754e-05,440.7605285644531,0.0,0.22879377007484436,0.018923647701740265,0.0,0.0,34.8390007019043,0.0,0.0,1600.0,0.0,50.0,0.0,0.0,0.0,50.0,50.0,200.0,1.0,1.0,1.0000001192092896,0.0
340.0,154.83096313476562,309.9774169921875,327.8097839355469,327.8089294433594,292.145263671875,292.1461486816406,16515.818359375,33031.63671875,66.97724151611328,66.97727966308594,1915.9281005859375,3831.743408203125,1915.84521484375,3831.5859375,288.8709716796875,60.05275344848633,3.7633399188052863e-06,0.0,0.0,2584.64013671875,1290.1820068359375,0.0,31.534976959228516,2905.211669921875,11.836257934570312,11.836309432983398,971.0771484375,1942.0582275390625,50.00324630737305,50.003326416015625,100.0,0.0,0.0,344.6495666503906,0.0,7.924896240234375,16.83976936340332,16.84065055847168,0.0,1.034000039100647,0.9067617654800415,50.0,0.09999999403953552,2.2919156551361084,0.0,0.0,0.0,0.0,191.60517048219197,0.0,0.0,-0.0,0.0026246344204992056,-0.002624999964609742,0.0,-3.6566052585840225e-07,100.35295104980469,100.35273742675781,790.5668334960938,790.5667114257812,790.5667114257812,550.2720336914062,0.0,0.0,31.534976959228516,0.0010999999940395355,0.02200000174343586,0.03299999609589577,77.55374145507812,5655.8173828125,114276.53125,0.02126905508339405,0.0,3.1392715754918754e-05,454.0967102050781,0.0,0.22925402224063873,0.01896170899271965,0.0,0.0,34.8390007019043,0.0,0.0,1600.0,0.0,50.0,0.0,0.0,0.0,50.0,50.0,200.0,1.0,1.0,1.0000001192092896,0.0
350.0,154.8322296142578,309.9772644042969,327.80975341796875,327.8088684082031,292.1450500488281,292.14593505859375,16515.818359375,33031.63671875,66.97711181640625,66.9771499633789,1915.915283203125,3831.717529296875,1915.84521484375,3831.58544921875,288.8521423339844,60.00538635253906,4.974993316864129e-06,0.0,0.0,2584.63671875,1290.18115234375,0.0,31.69414520263672,2905.265625,11.836278915405273,11.836331367492676,971.0740966796875,1942.0521240234375,50.003135681152344,50.003204345703125,100.0,0.0,0.0,344.6501770019531,0.0,7.924896240234375,16.84041404724121,16.84129524230957,0.0,1.034000039100647,0.9067617654800415,50.0,0.09999999403953552,2.2918732166290283,0.0,0.0,0.0,0.0,191.25811774742994,0.0,0.0,-0.0,0.002644333988428116,-0.002638778882101178,0.0,5.555280949920416e-06,100.355712890625,100.35459899902344,790.5762329101562,790.575439453125,790.575439453125,550.2763671875,0.0,0.0,31.69414520263672,0.0010999999940395355,0.02200000174343586,0.03299999609589577,77.68110656738281,5655.8173828125,114276.53125,0.02126905508339405,0.0,3.1392715754918754e-05,467.4328918457031,0.0,0.22963042557239532,0.018992837518453598,0.0,0.0,34.8390007019043,0.0,0.0,1600.0,0.0,50.0,0.0,0.0,0.0,50.0,50.0,200.0,1.0,1.0,1.0000001192092896,0.0
360.0,154.83468627929688,309.9770812988281,327.8096618652344,327.80877685546875,292.1449279785156,292.14581298828125,16515.818359375,33031.63671875,66.97700500488281,66.97704315185547,1915.9007568359375,3831.691650390625,1915.8448486328125,3831.58642578125,288.83416748046875,59.960113525390625,-3.1599024623574223e-06,0.0,0.0,2584.629638671875,1290.1802978515625,0.0,31.844079971313477,2905.297119140625,11.836297035217285,11.836346626281738,971.0718994140625,1942.04833984375,50.003089904785156,50.00318145751953,100.0,0.0,0.0,344.65142822265625,0.0,7.924896240234375,16.84177017211914,16.8426513671875,0.0,1.034000039100647,0.9067617654800415,50.0,0.09999999403953552,2.2918481826782227,0.0,0.0,0.0,0.0,190.5639961830798,0.0,0.0,-0.0,0.002664033556357026,-0.002646789653226733,0.0,1.724401954561472e-05,100.35680389404297,100.3556900024414,790.5813598632812,790.5805053710938,790.5805053710938,550.27880859375,0.0,0.0,31.844079971313477,0.0010999999940395355,0.02200000174343586,0.03299999609589577,77.78527069091797,5655.8173828125,114276.53125,0.02126905508339405,0.0,3.1392715754918754e-05,480.7690734863281,0.0,0.2299383133649826,0.019018299877643585,0.0,0.0,34.8390007019043,0.0,0.0,1600.0,0.0,50.0,0.0,0.0,0.0,50.0,50.0,200.0,1.0,1.0,1.0000001192092896,0.0
370.0,154.83822631835938,309.9770812988281,327.8096008300781,327.8087158203125,292.14483642578125,292.1457214355469,16515.818359375,33031.63671875,66.97686767578125,66.9769058227539,1915.895263671875,3831.67919921875,1915.84521484375,3831.5859375,288.8169250488281,59.91680145263672,1.0717338909671525e-06,0.0,0.0,2584.619384765625,1290.1796875,0.0,31.982816696166992,2905.367431640625,11.836309432983398,11.836359024047852,971.0755004882812,1942.054931640625,50.002784729003906,50.00282669067383,100.0,0.0,0.0,344.6532287597656,0.0,7.924896240234375,16.84363555908203,16.84451675415039,0.0,1.034000039100647,0.9067617654800415,50.0,0.09999999403953552,2.291792869567871,0.0,0.0,0.0,0.0,189.56621353507919,0.0,0.0,-0.0,0.002664033556357026,-0.0026650545187294483,0.0,-1.0208459571003914e-06,100.35811614990234,100.35811614990234,790.5921020507812,790.5921020507812,790.5921020507812,550.2846069335938,0.0,0.0,31.982816696166992,0.0010999999940395355,0.02200000174343586,0.03299999609589577,77.8704605102539,5655.8173828125,114276.53125,0.02126905508339405,0.0,3.1392715754918754e-05,494.1052551269531,0.0,0.23019009828567505,0.019039122387766838,0.0,0.0,34.8390007019043,0.0,0.0,1600.0,0.0,50.0,0.0,0.0,0.0,50.0,50.0,200.0,1.0,1.0,1.0000001192092896,0.0
380.0,154.84263610839844,309.9769592285156,327.8094787597656,327.8086242675781,292.14471435546875,292.1455993652344,16515.818359375,33031.63671875,66.97674560546875,66.9767837524414,1915.8878173828125,3831.666015625,1915.84521484375,3831.5859375,288.8003845214844,59.87516784667969,-3.803117124334676e-06,0.0,0.0,2584.606689453125,1290.1787109375,0.0,32.119140625,2905.424560546875,11.836323738098145,11.836372375488281,971.0750732421875,1942.05419921875,50.0025520324707,50.00258255004883,100.0,0.0,0.0,344.6554260253906,0.0,7.924896240234375,16.8459415435791,16.84682273864746,0.0,1.034000039100647,0.9067617654800415,50.0,0.09999999403953552,2.291747808456421,0.0,0.0,0.0,0.0,188.31777006570937,0.0,0.0,-0.0,0.0026797931641340256,-0.0026796874590218067,0.0,1.0564690455794334e-07,100.3603515625,100.3600845336914,790.6016235351562,790.6014404296875,790.6014404296875,550.2891845703125,0.0,0.0,32.119140625,0.0010999999940395355,0.02200000174343586,0.03299999609589577,77.94015502929688,5655.8173828125,114276.53125,0.02126905508339405,0.0,3.1392715754918754e-05,507.4414367675781,0.0,0.2303960621356964,0.019056152552366257,0.0,0.0,34.8390007019043,0.0,0.0,1600.0,0.0,50.0,0.0,0.0,0.0,50.0,50.0,200.0,1.0,1.0,1.0000001192092896,0.0
390.0,154.84791564941406,309.976806640625,327.8094177246094,327.80853271484375,292.1444091796875,292.1452941894531,16515.818359375,33031.63671875,66.97662353515625,66.9766616821289,1915.8824462890625,3831.65576171875,1915.842041015625,3831.589111328125,288.7845153808594,59.835289001464844,4.094697032996919e-06,0.0,0.0,2584.59130859375,1290.177734375,0.0,32.24757385253906,2905.478515625,11.836334228515625,11.836380004882812,971.0736083984375,1942.05126953125,50.00230026245117,50.00230407714844,100.0,0.0,0.0,344.65814208984375,0.0,7.924896240234375,16.84872055053711,16.8496036529541,0.0,1.034000039100647,0.9067617654800415,50.0,0.09999999403953552,2.2917051315307617,0.0,0.0,0.0,0.0,186.81866577497038,0.0,0.0,-0.0,0.002695552771911025,-0.002693573012948036,0.0,1.97970075532794e-06,100.36251831054688,100.36195373535156,790.6106567382812,790.6102294921875,790.6102294921875,550.2935180664062,0.0,0.0,32.24757385253906,0.0010999999940395355,0.02200000174343586,0.03299999609589577,77.99714660644531,5655.8173828125,114276.53125,0.02126905508339405,0.0,3.1392715754918754e-05,520.777587890625,0.0,0.23056451976299286,0.019070083275437355,0.0,0.0,34.8390007019043,0.0,0.0,1600.0,0.0,50.0,0.0,0.0,0.0,50.0,50.0,200.0,1.0,1.0,1.0000001192092896,0.0
400.0,154.85398864746094,309.9766845703125,327.8093566894531,327.8084716796875,292.144287109375,292.1451416015625,16515.818359375,33031.63671875,66.97650909423828,66.97654724121094,1915.877685546875,3831.647705078125,1915.84521484375,3831.5859375,288.76934814453125,59.797142028808594,4.618275966095098e-07,0.0,0.0,2584.573486328125,1290.1766357421875,0.0,32.37482452392578,2905.524169921875,11.83634090423584,11.836385726928711,971.0733642578125,1942.05078125,50.002071380615234,50.00205612182617,100.0,0.0,0.0,344.6612243652344,0.0,7.924896240234375,16.85187530517578,16.85275650024414,0.0,1.034000039100647,0.9067617654800415,50.0,0.09999999403953552,2.2916693687438965,0.0,0.0,0.0,0.0,185.08819835933207,0.0,0.0,-0.0,0.002711312146857381,-0.0027052154764533043,0.0,6.096612196415663e-06,100.36459350585938,100.363525390625,790.6184692382812,790.6176147460938,790.6176147460938,550.2971801757812,0.0,0.0,32.37482452392578,0.0010999999940395355,0.02200000174343586,0.03299999609589577,78.04376220703125,5655.8173828125,114276.53125,0.02126905508339405,0.0,3.1392715754918754e-05,534.11376953125,0.0,0.2307022660970688,0.01908147893846035,0.0,0.0,34.8390007019043,0.0,0.0,1600.0,0.0,50.0,0.0,0.0,0.0,50.0,50.0,200.0,1.0,1.0,1.0000001192092896,0.0
410.0,154.86074829101562,309.9765319824219,327.80926513671875,327.8083801269531,292.1441650390625,292.1450500488281,16515.818359375,33031.63671875,66.97640228271484,66.9764404296875,1915.8729248046875,3831.637451171875,1915.8453369140625,3831.58544921875,288.7548828125,59.76066589355469,-2.986877916555386e-06,0.0,0.0,2584.553955078125,1290.1754150390625,0.0,32.49442672729492,2905.5576171875,11.836346626281738,11.836392402648926,971.0719604492188,1942.0477294921875,50.001922607421875,50.00188446044922,100.0,0.0,0.0,344.6647033691406,0.0,7.924896240234375,16.85543441772461,16.8563175201416,0.0,1.034000039100647,0.9067617654800415,50.0,0.09999999403953552,2.291642904281616,0.0,0.0,0.0,0.0,183.1600864794319,0.0,0.0,-0.0,0.0027270717546343803,-0.002713760593906045,0.0,1.331116072833538e-05,100.36580657958984,100.36468505859375,790.6238403320312,790.623046875,790.623046875,550.2998046875,0.0,0.0,32.49442672729492,0.0010999999940395355,0.02200000174343586,0.03299999609589577,78.0818862915039,5655.8173828125,114276.53125,0.02126905508339405,0.0,3.1392715754918754e-05,547.449951171875,0.0,0.23081494867801666,0.019090797752141953,0.0,0.0,34.8390007019043,0.0,0.0,1600.0,0.0,50.0,0.0,0.0,0.0,50.0,50.0,200.0,1.0,1.0,1.0000001192092896,0.0
420.0,154.8682861328125,309.9765319824219,327.80926513671875,327.8083801269531,292.14410400390625,292.1449890136719,16515.818359375,33031.63671875,66.97628784179688,66.97632598876953,1915.8719482421875,3831.6357421875,1915.844970703125,3831.5859375,288.74102783203125,59.72584533691406,1.8948222759718192e-06,0.0,0.0,2584.531982421875,1290.1748046875,0.0,32.606544494628906,2905.6123046875,11.836352348327637,11.836398124694824,971.075439453125,1942.0550537109375,50.00159454345703,50.001583099365234,100.0,0.0,0.0,344.66851806640625,0.0,7.924896240234375,16.85926628112793,16.860149383544922,0.0,1.034000039100647,0.9067617654800415,50.0,0.09999999403953552,2.291599750518799,0.0,0.0,0.0,0.0,181.01508072327832,0.0,0.0,-0.0,0.0027270717546343803,-0.002727966522797942,0.0,-8.94768163561821e-07,100.36656951904297,100.36656951904297,790.632080078125,790.632080078125,790.632080078125,550.3043212890625,0.0,0.0,32.606544494628906,0.0010999999940395355,0.02200000174343586,0.03299999609589577,78.11308288574219,5655.8173828125,114276.53125,0.02126905508339405,0.0,3.1392715754918754e-05,560.7861328125,0.0,0.23090717196464539,0.019098423421382904,0.0,0.0,34.8390007019043,0.0,0.0,1600.0,0.0,50.0,0.0,0.0,0.0,50.0,50.0,200.0,1.0,1.0,1.0000001192092896,0.0
430.0,154.87635803222656,309.9764099121094,327.80926513671875,327.808349609375,292.143798828125,292.1446838378906,16515.818359375,33031.63671875,66.9761734008789,66.97621154785156,1915.8724365234375,3831.637451171875,1915.8468017578125,3831.584228515625,288.727783203125,59.69248962402344,-3.0682410852023168e-06,0.0,0.0,2584.50830078125,1290.1737060546875,0.0,32.71184158325195,2905.6708984375,11.836358070373535,11.836403846740723,971.0755615234375,1942.052734375,50.00125503540039,50.00124740600586,100.0,0.0,0.0,344.6726379394531,0.0,7.924896240234375,16.86336898803711,16.86428451538086,0.0,1.034000039100647,0.9067617654800415,50.0,0.09999999403953552,2.291553497314453,0.0,0.0,0.0,0.0,178.71099370615045,0.0,0.0,-0.0,0.002742831129580736,-0.0027430267073214054,0.0,-1.957523636519909e-07,100.36880493164062,100.36859893798828,790.6417846679688,790.6416625976562,790.6416625976562,550.3090209960938,0.0,0.0,32.71184158325195,0.0010999999940395355,0.02200000174343586,0.03299999609589577,78.13859558105469,5655.8173828125,114276.53125,0.02126905508339405,0.0,3.1392715754918754e-05,574.122314453125,0.0,0.23098255693912506,0.01910465769469738,0.0,0.0,34.8390007019043,0.0,0.0,1600.0,0.0,50.0,0.0,0.0,0.0,50.0,50.0,200.0,1.0,1.0,1.0000001192092896,0.0
440.0,154.88485717773438,309.976318359375,327.80926513671875,327.808349609375,292.1435241699219,292.1444091796875,16515.818359375,33031.63671875,66.97608184814453,66.97611999511719,1915.8701171875,3831.632080078125,1915.844970703125,3831.5859375,288.7150573730469,59.660499572753906,-1.4482064898402314e-06,0.0,0.0,2584.4833984375,1290.1727294921875,0.0,32.8213005065918,2905.703857421875,11.836363792419434,11.836410522460938,971.0741577148438,1942.052490234375,50.001094818115234,50.0010986328125,100.0,0.0,0.0,344.6769714355469,0.0,7.924896240234375,16.86771011352539,16.86862564086914,0.0,1.034000039100647,0.9067617654800415,50.0,0.09999999403953552,2.291527509689331,0.0,0.0,0.0,0.0,176.281576278338,0.0,0.0,-0.0,0.002754650544375181,-0.002751464955508709,0.0,3.1856470741331577e-06,100.3703842163086,100.36973571777344,790.6474609375,790.64697265625,790.64697265625,550.3116455078125,0.0,0.0,32.8213005065918,0.0010999999940395355,0.02200000174343586,0.03299999609589577,78.15947723388672,5655.8173828125,114276.53125,0.02126905508339405,0.0,3.1392715754918754e-05,587.45849609375,0.0,0.2310442179441452,0.019109757617115974,0.0,0.0,34.8390007019043,0.0,0.0,1600.0,0.0,50.0,0.0,0.0,0.0,50.0,50.0,200.0,1.0,1.0,1.0000001192092896,0.0
450.0,154.89382934570312,309.9761657714844,327.8092346191406,327.8083190917969,292.1434020996094,292.144287109375,16515.818359375,33031.63671875,66.97598266601562,66.97602081298828,1915.8692626953125,3831.630615234375,1915.844970703125,3831.5859375,288.702880859375,59.62987518310547,-3.680133886518888e-06,0.0,0.0,2584.45703125,1290.1715087890625,0.0,32.92302322387695,2905.74267578125,11.836369514465332,11.836416244506836,971.0728149414062,1942.0498046875,50.00089645385742,50.00090026855469,100.0,0.0,0.0,344.68157958984375,0.0,7.924896240234375,16.872356414794922,16.873271942138672,0.0,1.034000039100647,0.9067617654800415,50.0,0.09999999403953552,2.291496992111206,0.0,0.0,0.0,0.0,173.71720373384514,0.0,0.0,-0.0,0.002770409919321537,-0.0027613984420895576,0.0,9.011593647301197e-06,100.37237548828125,100.37107849121094,790.6542358398438,790.6533203125,790.6533203125,550.3147583007812,0.0,0.0,32.92302322387695,0.0010999999940395355,0.02200000174343586,0.03299999609589577,78.17652893066406,5655.8173828125,114276.53125,0.02126905508339405,0.0,3.1392715754918754e-05,600.794677734375,0.0,0.2310946136713028,0.019113929942250252,0.0,0.0,34.8390007019043,0.0,0.0,1600.0,0.0,50.0,0.0,0.0,0.0,50.0,50.0,200.0,1.0,1.0,1.0000001192092896,0.0
460.0,154.90335083007812,309.9761657714844,327.8092346191406,327.8083190917969,292.143310546875,292.1441955566406,16515.818359375,33031.63671875,66.97589111328125,66.9759292602539,1915.868896484375,3831.631103515625,1915.84521484375,3831.5859375,288.6913146972656,59.600830078125,1.4093127447267761e-06,0.0,0.0,2584.429443359375,1290.1705322265625,0.0,33.01470947265625,2905.780517578125,11.836377143859863,11.836421966552734,971.0765380859375,1942.05712890625,50.000732421875,50.000694274902344,100.0,0.0,0.0,344.6864318847656,0.0,7.924896240234375,16.87720489501953,16.87812042236328,0.0,1.034000039100647,0.9067617654800415,50.0,0.09999999403953552,2.2914671897888184,0.0,0.0,0.0,0.0,170.9937660232041,0.0,0.0,-0.0,0.002770409919321537,-0.002771225059404969,0.0,-8.151400834321976e-07,100.3723373413086,100.37238311767578,790.6595458984375,790.6595458984375,790.6595458984375,550.31787109375,0.0,0.0,33.01470947265625,0.0010999999940395355,0.02200000174343586,0.03299999609589577,78.19048309326172,5655.8173828125,114276.53125,0.02126905508339405,0.0,3.1392715754918754e-05,614.130859375,0.0,0.23113586008548737,0.019117340445518494,0.0,0.0,34.8390007019043,0.0,0.0,1600.0,0.0,50.0,0.0,0.0,0.0,50.0,50.0,200.0,1.0,1.0,1.0000001192092896,0.0
470.0,154.9130859375,309.97607421875,327.8091735839844,327.8082580566406,292.14324951171875,292.1441345214844,16515.818359375,33031.63671875,66.9758071899414,66.97584533691406,1915.8697509765625,3831.633056640625,1915.8448486328125,3831.5859375,288.6802062988281,59.572837829589844,-2.5337380975543056e-06,0.0,0.0,2584.400634765625,1290.169677734375,0.0,33.1025276184082,2905.82421875,11.836383819580078,11.836429595947266,971.0753173828125,1942.0550537109375,50.00049591064453,50.000484466552734,100.0,0.0,0.0,344.69140625,0.0,7.924896240234375,16.88222312927246,16.88313865661621,0.0,1.034000039100647,0.9067617654800415,50.0,0.09999999403953552,2.2914326190948486,0.0,0.0,0.0,0.0,168.21729586062963,0.0,0.0,-0.0,0.002782229334115982,-0.0027824402786791325,0.0,-2.1094456315040588e-07,100.37405395507812,100.37389373779297,790.6668090820312,790.6666870117188,790.6666870117188,550.3213500976562,0.0,0.0,33.1025276184082,0.0010999999940395355,0.02200000174343586,0.03299999609589577,78.201904296875,5655.8173828125,114276.53125,0.02126905508339405,0.0,3.1392715754918754e-05,627.467041015625,0.0,0.23116958141326904,0.01912013255059719,0.0,0.0,34.8390007019043,0.0,0.0,1600.0,0.0,50.0,0.0,0.0,0.0,50.0,50.0,200.0,1.0,1.0,1.0000001192092896,0.0
480.0,154.92315673828125,309.9759521484375,327.8089294433594,327.80804443359375,292.1431884765625,292.1440734863281,16515.818359375,33031.63671875,66.97572326660156,66.97576141357422,1915.870849609375,3831.636474609375,1915.844970703125,3831.5859375,288.6695556640625,59.546077728271484,9.492688377576997e-07,0.0,0.0,2584.371337890625,1290.16845703125,0.0,33.192359924316406,2905.86279296875,11.836389541625977,11.836435317993164,971.07421875,1942.0526123046875,50.00029754638672,50.00028610229492,100.0,0.0,0.0,344.6965637207031,0.0,7.924896240234375,16.88764762878418,16.888530731201172,0.0,1.034000039100647,0.9067617654800415,50.0,0.09999999403953552,2.2914021015167236,0.0,0.0,0.0,0.0,165.3396053368383,0.0,0.0,-0.0,0.002794048748910427,-0.002792373765259981,0.0,1.6751582734286785e-06,100.37569427490234,100.37522888183594,790.6732788085938,790.6729736328125,790.6729736328125,550.324462890625,0.0,0.0,33.192359924316406,0.0010999999940395355,0.02200000174343586,0.03299999609589577,78.21124267578125,5655.8173828125,114276.53125,0.02126905508339405,0.0,3.1392715754918754e-05,640.80322265625,0.0,0.23119716346263885,0.019122414290905,0.0,0.0,34.8390007019043,0.0,0.0,1600.0,0.0,50.0,0.0,0.0,0.0,50.0,50.0,200.0,1.0,1.0,1.0000001192092896,0.0
490.0,154.93356323242188,309.97589111328125,327.808837890625,327.8079528808594,292.1431579589844,292.14404296875,16515.818359375,33031.63671875,66.97565460205078,66.97569274902344,1915.8701171875,3831.635009765625,1915.844970703125,3831.5859375,288.659423828125,59.52055358886719,1.9954779872932704e-06,0.0,0.0,2584.341064453125,1290.16748046875,0.0,33.276180267333984,2905.88671875,11.836396217346191,11.836441993713379,971.0741577148438,1942.0526123046875,50.00020980834961,50.00019836425781,100.0,0.0,0.0,344.7018737792969,0.0,7.924896240234375,16.89303970336914,16.8939208984375,0.0,1.034000039100647,0.9067617654800415,50.0,0.09999999403953552,2.2913832664489746,0.0,0.0,0.0,0.0,162.3606783570041,0.0,0.0,-0.0,0.002801928436383605,-0.002798462053760886,0.0,3.466266207396984e-06,100.37665557861328,100.37605285644531,790.6773071289062,790.6768188476562,790.6768188476562,550.3263549804688,0.0,0.0,33.276180267333984,0.0010999999940395355,0.02200000174343586,0.03299999609589577,78.21886444091797,5655.8173828125,114276.53125,0.02126905508339405,0.0,3.1392715754918754e-05,654.139404296875,0.0,0.23121976852416992,0.01912427693605423,0.0,0.0,34.8390007019043,0.0,0.0,1600.0,0.0,50.0,0.0,0.0,0.0,50.0,50.0,200.0,1.0,1.0,1.0000001192092896,0.0
500.0,154.94403076171875,309.975830078125,327.808837890625,327.8079528808594,292.14300537109375,292.1438903808594,16515.818359375,33031.63671875,66.97557830810547,66.97561645507812,1915.8719482421875,3831.6396484375,1915.8448486328125,3831.5859375,288.6496887207031,59.49604034423828,-1.8500006717658835e-06,0.0,0.0,2584.310302734375,1290.16650390625,0.0,33.356266021728516,2905.923095703125,11.836402893066406,11.836447715759277,971.075439453125,1942.05517578125,50.00002670288086,50.00001525878906,100.0,0.0,0.0,344.7072448730469,0.0,7.924896240234375,16.89839744567871,16.89927864074707,0.0,1.034000039100647,0.9067617654800415,50.0,0.09999999403953552,2.2913546562194824,0.0,0.0,0.0,0.0,159.3672982233501,0.0,0.0,-0.0,0.002809808123856783,-0.002807861426845193,0.0,1.946697011590004e-06,100.37776184082031,100.37731170654297,790.6831665039062,790.6828002929688,790.6828002929688,550.329345703125,0.0,0.0,33.356266021728516,0.0010999999940395355,0.02200000174343586,0.03299999609589577,78.22510528564453,5655.8173828125,114276.53125,0.02126905508339405,0.0,3.1392715754918754e-05,667.4755859375,0.0,0.23123817145824432,0.01912580244243145,0.0,0.0,34.8390007019043,0.0,0.0,1600.0,0.0,50.0,0.0,0.0,0.0,50.0,50.0,200.0,1.0,1.0,1.0000001192092896,0.0
510.0,154.95480346679688,309.97576904296875,327.808837890625,327.8079528808594,292.14276123046875,292.14361572265625,16515.818359375,33031.63671875,66.97550201416016,66.97554016113281,1915.87353515625,3831.64453125,1915.844970703125,3831.5859375,288.640380859375,59.47266387939453,-2.1394757823145483e-06,0.0,0.0,2584.278564453125,1290.1656494140625,0.0,33.43074035644531,2905.95556640625,11.836409568786621,11.836453437805176,971.0755615234375,1942.055419921875,49.99988555908203,49.99985885620117,100.0,0.0,0.0,344.7127380371094,0.0,7.924896240234375,16.90389060974121,16.90477180480957,0.0,1.034000039100647,0.9067617654800415,50.0,0.09999999403953552,2.2913289070129395,0.0,0.0,0.0,0.0,156.28233852930114,0.0,0.0,-0.0,0.002817687578499317,-0.0028161928057670593,0.0,1.494772732257843e-06,100.37882232666016,100.37843322753906,790.6883544921875,790.6881103515625,790.6881103515625,550.3319091796875,0.0,0.0,33.43074035644531,0.0010999999940395355,0.02200000174343586,0.03299999609589577,78.23020935058594,5655.8173828125,114276.53125,0.02126905508339405,0.0,3.1392715754918754e-05,680.811767578125,0.0,0.23125332593917847,0.019127048552036285,0.0,0.0,34.8390007019043,0.0,0.0,1600.0,0.0,50.0,0.0,0.0,0.0,50.0,50.0,200.0,1.0,1.0,1.0000001192092896,0.0
520.0,154.96560668945312,309.9757080078125,327.8088684082031,327.8080139160156,292.1426696777344,292.1435546875,16515.818359375,33031.63671875,66.97543334960938,66.97547149658203,1915.8751220703125,3831.647705078125,1915.844970703125,3831.5859375,288.6315002441406,59.45026779174805,-1.4632151987825637e-06,0.0,0.0,2584.2470703125,1290.16455078125,0.0,33.504188537597656,2905.98583984375,11.836416244506836,11.836461067199707,971.0756225585938,1942.0555419921875,49.999755859375,49.999732971191406,100.0,0.0,0.0,344.71826171875,0.0,7.924896240234375,16.90938377380371,16.91026496887207,0.0,1.034000039100647,0.9067617654800415,50.0,0.09999999403953552,2.2913050651550293,0.0,0.0,0.0,0.0,153.1925503874282,0.0,0.0,-0.0,0.0028255670331418514,-0.0028239900711923838,0.0,1.5770201571285725e-06,100.37989044189453,100.37947845458984,790.6932983398438,790.6930541992188,790.6930541992188,550.3343505859375,0.0,0.0,33.504188537597656,0.0010999999940395355,0.02200000174343586,0.03299999609589577,78.23438262939453,5655.8173828125,114276.53125,0.02126905508339405,0.0,3.1392715754918754e-05,694.14794921875,0.0,0.23126566410064697,0.019128071144223213,0.0,0.0,34.8390007019043,0.0,0.0,1600.0,0.0,50.0,0.0,0.0,0.0,50.0,50.0,200.0,1.0,1.0,1.0000001192092896,0.0
530.0,154.9766082763672,309.9755859375,327.8088684082031,327.8080139160156,292.1426086425781,292.1434631347656,16515.818359375,33031.63671875,66.97535705566406,66.97539520263672,1915.8782958984375,3831.65380859375,1915.8448486328125,3831.5859375,288.62298583984375,59.428916931152344,-5.288010243020835e-07,0.0,0.0,2584.214599609375,1290.163330078125,0.0,33.57370376586914,2906.022216796875,11.836421966552734,11.836467742919922,971.0745239257812,1942.053466796875,49.99957275390625,49.99956512451172,100.0,0.0,0.0,344.72393798828125,0.0,7.924896240234375,16.91504669189453,16.91592788696289,0.0,1.034000039100647,0.9067617654800415,50.0,0.09999999403953552,2.291276454925537,0.0,0.0,0.0,0.0,150.04010508762602,0.0,0.0,-0.0,0.0028373864479362965,-0.0028332825750112534,0.0,4.103814717382193e-06,100.38151550292969,100.38072967529297,790.6995239257812,790.6989135742188,790.6989135742188,550.3372802734375,0.0,0.0,33.57370376586914,0.0010999999940395355,0.02200000174343586,0.03299999609589577,78.23780059814453,5655.8173828125,114276.53125,0.02126905508339405,0.0,3.1392715754918754e-05,707.484130859375,0.0,0.2312757819890976,0.019128907471895218,0.0,0.0,34.8390007019043,0.0,0.0,1600.0,0.0,50.0,0.0,0.0,0.0,50.0,50.0,200.0,1.0,1.0,1.0000001192092896,0.0
540.0,154.9877166748047,309.9755859375,327.8088684082031,327.8080139160156,292.1425476074219,292.1434326171875,16515.818359375,33031.63671875,66.97527313232422,66.97531127929688,1915.8792724609375,3831.65478515625,1915.8448486328125,3831.5859375,288.614990234375,59.408714294433594,-4.7568300942657515e-06,0.0,0.0,2584.182373046875,1290.16259765625,0.0,33.63753890991211,2906.040771484375,11.836427688598633,11.83647346496582,971.0770874023438,1942.0584716796875,49.99951171875,49.9995002746582,100.0,0.0,0.0,344.7296142578125,0.0,7.924896240234375,16.92074203491211,16.9216251373291,0.0,1.034000039100647,0.9067617654800415,50.0,0.09999999403953552,2.291261911392212,0.0,0.0,0.0,0.0,146.85873738535815,0.0,0.0,-0.0,0.0028373864479362965,-0.002838089130818844,0.0,-7.026828825473785e-07,100.38135528564453,100.3813705444336,790.7019653320312,790.7019653320312,790.7019653320312,550.3388061523438,0.0,0.0,33.63753890991211,0.0010999999940395355,0.02200000174343586,0.03299999609589577,78.24059295654297,5655.8173828125,114276.53125,0.02126905508339405,0.0,3.1392715754918754e-05,720.8203125,0.0,0.23128405213356018,0.019129587337374687,0.0,0.0,34.8390007019043,0.0,0.0,1600.0,0.0,50.0,0.0,0.0,0.0,50.0,50.0,200.0,1.0,1.0,1.0000001192092896,0.0
550.0,154.99884033203125,309.97552490234375,327.8088684082031,327.8080139160156,292.1424560546875,292.143310546875,16515.818359375,33031.63671875,66.9751968383789,66.97523498535156,1915.882080078125,3831.660888671875,1915.844970703125,3831.5859375,288.6072082519531,59.38920211791992,6.686295250801777e-07,0.0,0.0,2584.14990234375,1290.1612548828125,0.0,33.70012664794922,2906.0703125,11.836435317993164,11.836480140686035,971.078369140625,1942.06103515625,49.9993896484375,49.99938201904297,100.0,0.0,0.0,344.73529052734375,0.0,7.924896240234375,16.92640495300293,16.927288055419922,0.0,1.034000039100647,0.9067617654800415,50.0,0.09999999403953552,2.29123854637146,0.0,0.0,0.0,0.0,143.6773696830903,0.0,0.0,-0.0,0.0028452659025788307,-0.002845672657713294,0.0,-4.066969268023968e-07,100.38245391845703,100.38239288330078,790.7068481445312,790.706787109375,790.706787109375,550.3411865234375,0.0,0.0,33.70012664794922,0.0010999999940395355,0.02200000174343586,0.03299999609589577,78.24287414550781,5655.8173828125,114276.53125,0.02126905508339405,0.0,3.1392715754918754e-05,734.156494140625,0.0,0.2312908172607422,0.019130144268274307,0.0,0.0,34.8390007019043,0.0,0.0,1600.0,0.0,50.0,0.0,0.0,0.0,50.0,50.0,200.0,1.0,1.0,1.0000001192092896,0.0
560.0,155.00994873046875,309.9754638671875,327.8088073730469,327.80792236328125,292.1423645019531,292.1432800292969,16515.818359375,33031.63671875,66.97512817382812,66.97516632080078,1915.8846435546875,3831.664794921875,1915.846435546875,3831.584228515625,288.5998229980469,59.37062454223633,1.9336961543103826e-07,0.0,0.0,2584.116943359375,1290.1602783203125,0.0,33.7619514465332,2906.101318359375,11.836445808410645,11.836491584777832,971.0784912109375,1942.05908203125,49.99931335449219,49.999290466308594,100.0,0.0,0.0,344.7409973144531,0.0,7.924896240234375,16.932170867919922,16.93305206298828,0.0,1.034000039100647,0.9067617654800415,50.0,0.09999999403953552,2.2912139892578125,0.0,0.0,0.0,0.0,140.49600198082243,0.0,0.0,-0.0,0.0028531455900520086,-0.0028536836616694927,0.0,-5.380134098231792e-07,100.38351440429688,100.38346862792969,790.7119140625,790.7119140625,790.7119140625,550.3436889648438,0.0,0.0,33.7619514465332,0.0010999999940395355,0.02200000174343586,0.03299999609589577,78.24474334716797,5655.8173828125,114276.53125,0.02126905508339405,0.0,3.1392715754918754e-05,747.49267578125,0.0,0.2312963306903839,0.019130604341626167,0.0,0.0,34.8390007019043,0.0,0.0,1600.0,0.0,50.0,0.0,0.0,0.0,50.0,50.0,200.0,1.0,1.0,1.0000001192092896,0.0
570.0,155.02105712890625,309.97540283203125,327.8087463378906,327.807861328125,292.142333984375,292.1432189941406,16515.818359375,33031.63671875,66.97508239746094,66.9751205444336,1915.885986328125,3831.666015625,1915.844970703125,3831.5859375,288.5927429199219,59.352821350097656,1.0899784683715552e-06,0.0,0.0,2584.084716796875,1290.1593017578125,0.0,33.820823669433594,2906.12548828125,11.836456298828125,11.836505889892578,971.077392578125,1942.05908203125,49.9992561340332,49.999298095703125,100.0,0.0,0.0,344.7466735839844,0.0,7.924896240234375,16.93793487548828,16.93881607055664,0.0,1.034000039100647,0.9067617654800415,50.0,0.09999999403953552,2.2911951541900635,0.0,0.0,0.0,0.0,137.31463427855456,0.0,0.0,-0.0,0.002861025044694543,-0.0028598785866051912,0.0,1.146574504673481e-06,100.3846435546875,100.3843002319336,790.7161254882812,790.7158203125,790.7158203125,550.3455810546875,0.0,0.0,33.820823669433594,0.0010999999940395355,0.02200000174343586,0.03299999609589577,78.24626922607422,5655.8173828125,114276.53125,0.02126905508339405,0.0,3.1392715754918754e-05,760.828857421875,0.0,0.23130084574222565,0.019130976870656013,0.0,0.0,34.8390007019043,0.0,0.0,1600.0,0.0,50.0,0.0,0.0,0.0,50.0,50.0,200.0,1.0,1.0,1.0000001192092896,0.0
580.0,155.03216552734375,309.9753112792969,327.8086853027344,327.80780029296875,292.14227294921875,292.1431579589844,16515.818359375,33031.63671875,66.97502899169922,66.97506713867188,1915.88525390625,3831.66650390625,1915.844970703125,3831.5859375,288.58599853515625,59.33583450317383,-7.82353822614823e-07,0.0,0.0,2584.052001953125,1290.158447265625,0.0,33.87390899658203,2906.147216796875,11.836470603942871,11.836520195007324,971.0761108398438,1942.0565185546875,49.99928283691406,49.99931335449219,100.0,0.0,0.0,344.75238037109375,0.0,7.924896240234375,16.94369888305664,16.944580078125,0.0,1.034000039100647,0.9067617654800415,50.0,0.09999999403953552,2.291177988052368,0.0,0.0,0.0,0.0,134.1332665762867,0.0,0.0,-0.0,0.002868904732167721,-0.0028654327616095543,0.0,3.471854142844677e-06,100.38565063476562,100.38504791259766,790.7198486328125,790.7193603515625,790.7193603515625,550.3473510742188,0.0,0.0,33.87390899658203,0.0010999999940395355,0.02200000174343586,0.03299999609589577,78.2475357055664,5655.8173828125,114276.53125,0.02126905508339405,0.0,3.1392715754918754e-05,774.1650390625,0.0,0.23130452632904053,0.019131284207105637,0.0,0.0,34.8390007019043,0.0,0.0,1600.0,0.0,50.0,0.0,0.0,0.0,50.0,50.0,200.0,1.0,1.0,1.0000001192092896,0.0
590.0,155.04327392578125,309.9753112792969,327.8086853027344,327.80780029296875,292.1422424316406,292.1431579589844,16515.818359375,33031.63671875,66.97499084472656,66.97502899169922,1915.8846435546875,3831.66357421875,1915.8468017578125,3831.583984375,288.57958984375,59.319705963134766,8.706234666533419e-07,0.0,0.0,2584.019287109375,1290.157470703125,0.0,33.92516326904297,2906.162353515625,11.836484909057617,11.836535453796387,971.07861328125,1942.058837890625,49.999359130859375,49.99937438964844,100.0,0.0,0.0,344.7580871582031,0.0,7.924896240234375,16.94939613342285,16.95027732849121,0.0,1.034000039100647,0.9067617654800415,50.0,0.09999999403953552,2.291166067123413,0.0,0.0,0.0,0.0,130.95189887401884,0.0,0.0,-0.0,0.002868904732167721,-0.002869384828954935,0.0,-4.802132025361061e-07,100.3856201171875,100.38557434082031,790.7218627929688,790.7218627929688,790.7218627929688,550.3485717773438,0.0,0.0,33.92516326904297,0.0010999999940395355,0.02200000174343586,0.03299999609589577,78.2485580444336,5655.8173828125,114276.53125,0.02126905508339405,0.0,3.1392715754918754e-05,787.501220703125,0.0,0.23130756616592407,0.019131533801555634,0.0,0.0,34.8390007019043,0.0,0.0,1600.0,0.0,50.0,0.0,0.0,0.0,50.0,50.0,200.0,1.0,1.0,1.0000001192092896,0.0
600.0,155.05438232421875,309.9752502441406,327.80865478515625,327.8077697753906,292.1419982910156,292.14288330078125,16515.818359375,33031.63671875,66.97492218017578,66.97496032714844,1915.8856201171875,3831.666015625,1915.844970703125,3831.5859375,288.5734558105469,59.30427169799805,2.314233370270813e-06,0.0,0.0,2583.986572265625,1290.156494140625,0.0,33.975162506103516,2906.193115234375,11.836498260498047,11.836548805236816,971.07861328125,1942.0614013671875,49.99927520751953,49.99933624267578,100.0,0.0,0.0,344.7637634277344,0.0,7.924896240234375,16.95512580871582,16.95600700378418,0.0,1.034000039100647,0.9067617654800415,50.0,0.09999999403953552,2.2911417484283447,0.0,0.0,0.0,0.0,127.77052312433794,0.0,0.0,-0.0,0.002876784186810255,-0.0028772889636456966,0.0,-5.048350431025028e-07,100.38668060302734,100.38663482666016,790.7268676757812,790.7268676757812,790.7268676757812,550.35107421875,0.0,0.0,33.975162506103516,0.0010999999940395355,0.02200000174343586,0.03299999609589577,78.24940490722656,5655.8173828125,114276.53125,0.02126905508339405,0.0,3.1392715754918754e-05,800.83740234375,0.0,0.23131003975868225,0.019131740555167198,0.0,0.0,34.8390007019043,0.0,0.0,1600.0,0.0,50.0,0.0,0.0,0.0,50.0,50.0,200.0,1.0,1.0,1.0000001192092896,0.0
610.0,155.06549072265625,309.9751892089844,327.8083801269531,327.8074951171875,292.1419982910156,292.14288330078125,16515.818359375,33031.63671875,66.97486877441406,66.97490692138672,1915.8865966796875,3831.66650390625,1915.8448486328125,3831.5859375,288.5675964355469,59.28956985473633,-1.1645385029623867e-06,0.0,0.0,2583.9541015625,1290.1558837890625,0.0,34.02103042602539,2906.218994140625,11.836511611938477,11.836563110351562,971.077392578125,1942.0592041015625,49.999263763427734,49.99932098388672,100.0,0.0,0.0,344.7694396972656,0.0,7.924896240234375,16.9610595703125,16.96194076538086,0.0,1.034000039100647,0.9067617654800415,50.0,0.09999999403953552,2.291121482849121,0.0,0.0,0.0,0.0,124.58915542207008,0.0,0.0,-0.0,0.0028846634086221457,-0.0028839111328125,0.0,7.522758096456528e-07,100.38780975341797,100.38752746582031,790.7312622070312,790.7310791015625,790.7310791015625,550.3531494140625,0.0,0.0,34.02103042602539,0.0010999999940395355,0.02200000174343586,0.03299999609589577,78.25007629394531,5655.8173828125,114276.53125,0.02126905508339405,0.0,3.1392715754918754e-05,814.173583984375,0.0,0.23131205141544342,0.01913190446794033,0.0,0.0,34.8390007019043,0.0,0.0,1600.0,0.0,50.0,0.0,0.0,0.0,50.0,50.0,200.0,1.0,1.0,1.0000001192092896,0.0
620.0,155.0764617919922,309.9751281738281,327.808349609375,327.8074645996094,292.1419982910156,292.14288330078125,16515.818359375,33031.63671875,66.97484588623047,66.97488403320312,1915.8839111328125,3831.661376953125,1915.844970703125,3831.5859375,288.5620422363281,59.27559280395508,-2.75041003305887e-07,0.0,0.0,2583.921875,1290.15478515625,0.0,34.07085037231445,2906.22412109375,11.836526870727539,11.836576461791992,971.0773315429688,1942.058837890625,49.99940490722656,49.999446868896484,100.0,0.0,0.0,344.7750549316406,0.0,7.924896240234375,16.96672248840332,16.96760368347168,0.0,1.034000039100647,0.9067617654800415,50.0,0.09999999403953552,2.2911174297332764,0.0,0.0,0.0,0.0,121.44153052267883,0.0,0.0,-0.0,0.0028925430960953236,-0.0028851928655058146,0.0,7.35005596652627e-06,100.38789367675781,100.38770294189453,790.7320556640625,790.7318725585938,790.7318725585938,550.353515625,0.0,0.0,34.07085037231445,0.0010999999940395355,0.02200000174343586,0.03299999609589577,78.25064086914062,5655.8173828125,114276.53125,0.02126905508339405,0.0,3.1392715754918754e-05,827.509765625,0.0,0.23131366074085236,0.019132044166326523,0.0,0.0,34.8390007019043,0.0,0.0,1600.0,0.0,50.0,0.0,0.0,0.0,50.0,50.0,200.0,1.0,1.0,1.0000001192092896,0.0
630.0,155.08737182617188,309.9751281738281,327.8083190917969,327.80743408203125,292.1419982910156,292.14288330078125,16515.818359375,33031.63671875,66.97478485107422,66.97482299804688,1915.8848876953125,3831.6640625,1915.8448486328125,3831.5859375,288.5567626953125,59.26228713989258,-3.0281385079433676e-06,0.0,0.0,2583.89013671875,1290.154052734375,0.0,34.110145568847656,2906.254150390625,11.836541175842285,11.836589813232422,971.0784912109375,1942.0614013671875,49.99935531616211,49.999385833740234,100.0,0.0,0.0,344.7806701660156,0.0,7.924896240234375,16.97235107421875,16.97323226928711,0.0,1.034000039100647,0.9067617654800415,50.0,0.09999999403953552,2.291093587875366,0.0,0.0,0.0,0.0,118.31800762534232,0.0,0.0,-0.0,0.0028925430960953236,-0.002892990130931139,0.0,-4.472094587981701e-07,100.38878631591797,100.38874816894531,790.7368774414062,790.7368774414062,790.7368774414062,550.35595703125,0.0,0.0,34.110145568847656,0.0010999999940395355,0.02200000174343586,0.03299999609589577,78.2510986328125,5655.8173828125,114276.53125,0.02126905508339405,0.0,3.1392715754918754e-05,840.845947265625,0.0,0.23131504654884338,0.019132157787680626,0.0,0.0,34.8390007019043,0.0,0.0,1600.0,0.0,50.0,0.0,0.0,0.0,50.0,50.0,200.0,1.0,1.0,1.0000001192092896,0.0
640.0,155.09814453125,309.97503662109375,327.8082275390625,327.8073425292969,292.1419982910156,292.14288330078125,16515.818359375,33031.63671875,66.97474670410156,66.97478485107422,1915.8846435546875,3831.665283203125,1915.844970703125,3831.5859375,288.5516662597656,59.249507904052734,1.3757568240180262e-07,0.0,0.0,2583.8583984375,1290.1533203125,0.0,34.15149688720703,2906.27294921875,11.836553573608398,11.836600303649902,971.0761108398438,1942.0565185546875,49.9993782043457,49.99938201904297,100.0,0.0,0.0,344.78619384765625,0.0,7.924896240234375,16.977947235107422,16.97882843017578,0.0,1.034000039100647,0.9067617654800415,50.0,0.09999999403953552,2.291078805923462,0.0,0.0,0.0,0.0,115.23303988388034,0.0,0.0,-0.0,0.002900422550737858,-0.0028977966867387295,0.0,2.625805791467428e-06,100.38992309570312,100.38939666748047,790.7402954101562,790.7399291992188,790.7399291992188,550.3574829101562,0.0,0.0,34.15149688720703,0.0010999999940395355,0.02200000174343586,0.03299999609589577,78.25145721435547,5655.8173828125,114276.53125,0.02126905508339405,0.0,3.1392715754918754e-05,854.18212890625,0.0,0.23131616413593292,0.01913224533200264,0.0,0.0,34.8390007019043,0.0,0.0,1600.0,0.0,50.0,0.0,0.0,0.0,50.0,50.0,200.0,1.0,1.0,1.0000001192092896,0.0
650.0,155.10887145996094,309.97503662109375,327.8082275390625,327.8073425292969,292.1419982910156,292.14288330078125,16515.818359375,33031.63671875,66.9747085571289,66.97474670410156,1915.8828125,3831.66162109375,1915.8448486328125,3831.5859375,288.5469055175781,59.237491607666016,2.958544882858405e-06,0.0,0.0,2583.826904296875,1290.1524658203125,0.0,34.192623138427734,2906.285400390625,11.836567878723145,11.836612701416016,971.0784301757812,1942.061279296875,49.999454498291016,49.99944305419922,100.0,0.0,0.0,344.79168701171875,0.0,7.924896240234375,16.983440399169922,16.98432159423828,0.0,1.034000039100647,0.9067617654800415,50.0,0.09999999403953552,2.2910690307617188,0.0,0.0,0.0,0.0,112.15772099065329,0.0,0.0,-0.0,0.002900422550737858,-0.0029010011348873377,0.0,-5.785259418189526e-07,100.38983154296875,100.38982391357422,790.741943359375,790.741943359375,790.741943359375,550.3585205078125,0.0,0.0,34.192623138427734,0.0010999999940395355,0.02200000174343586,0.03299999609589577,78.25177764892578,5655.8173828125,114276.53125,0.02126905508339405,0.0,3.1392715754918754e-05,867.518310546875,0.0,0.23131704330444336,0.019132321700453758,0.0,0.0,34.8390007019043,0.0,0.0,1600.0,0.0,50.0,0.0,0.0,0.0,50.0,50.0,200.0,1.0,1.0,1.0000001192092896,0.0
660.0,155.1193084716797,309.9749755859375,327.8082275390625,327.8073425292969,292.1417236328125,292.1426086425781,16515.818359375,33031.63671875,66.97466278076172,66.97470092773438,1915.88427734375,3831.66455078125,1915.8448486328125,3831.58642578125,288.5422668457031,59.22584533691406,-1.327002678408462e-06,0.0,0.0,2583.79638671875,1290.1514892578125,0.0,34.22838592529297,2906.3095703125,11.836575508117676,11.836621284484863,971.0772705078125,1942.05908203125,49.99938201904297,49.99937438964844,100.0,0.0,0.0,344.7970275878906,0.0,7.924896240234375,16.98879623413086,16.98967933654785,0.0,1.034000039100647,0.9067617654800415,50.0,0.09999999403953552,2.2910499572753906,0.0,0.0,0.0,0.0,109.16916125741022,0.0,0.0,-0.0,0.002908302005380392,-0.002907196059823036,0.0,1.1058873496949673e-06,100.39100646972656,100.39065551757812,790.7461547851562,790.745849609375,790.745849609375,550.3604125976562,0.0,0.0,34.22838592529297,0.0010999999940395355,0.02200000174343586,0.03299999609589577,78.25200653076172,5655.8173828125,114276.53125,0.02126905508339405,0.0,3.1392715754918754e-05,880.8544921875,0.0,0.23131777346134186,0.019132379442453384,0.0,0.0,34.8390007019043,0.0,0.0,1600.0,0.0,50.0,0.0,0.0,0.0,50.0,50.0,200.0,1.0,1.0,1.0000001192092896,0.0
670.0,155.12973022460938,309.9749755859375,327.8082275390625,327.8073425292969,292.1417236328125,292.1426086425781,16515.818359375,33031.63671875,66.97463989257812,66.97467803955078,1915.882080078125,3831.66015625,1915.8448486328125,3831.58642578125,288.5379333496094,59.21492004394531,-1.8164852235713624e-06,0.0,0.0,2583.765380859375,1290.1510009765625,0.0,34.26274108886719,2906.316162109375,11.836586952209473,11.83663272857666,971.078369140625,1942.061279296875,49.999473571777344,49.99946594238281,100.0,0.0,0.0,344.8023986816406,0.0,7.924896240234375,16.99415397644043,16.995037078857422,0.0,1.034000039100647,0.9067617654800415,50.0,0.09999999403953552,2.2910447120666504,0.0,0.0,0.0,0.0,106.18060152416716,0.0,0.0,-0.0,0.002908302005380392,-0.0029089052695780993,0.0,-6.031477823853493e-07,100.39090728759766,100.39088439941406,790.7469482421875,790.7469482421875,790.7469482421875,550.3609619140625,0.0,0.0,34.26274108886719,0.0010999999940395355,0.02200000174343586,0.03299999609589577,78.25223541259766,5655.8173828125,114276.53125,0.02126905508339405,0.0,3.1392715754918754e-05,894.190673828125,0.0,0.231318399310112,0.01913243532180786,0.0,0.0,34.8390007019043,0.0,0.0,1600.0,0.0,50.0,0.0,0.0,0.0,50.0,50.0,200.0,1.0,1.0,1.0000001192092896,0.0
680.0,155.13986206054688,309.97491455078125,327.8082275390625,327.8073425292969,292.14166259765625,292.1425476074219,16515.818359375,33031.63671875,66.97459411621094,66.9746322631836,1915.8836669921875,3831.662841796875,1915.844970703125,3831.5859375,288.5337219238281,59.20433807373047,-2.9828563583578216e-06,0.0,0.0,2583.73583984375,1290.14990234375,0.0,34.29447937011719,2906.341552734375,11.83659553527832,11.836641311645508,971.0772705078125,1942.058837890625,49.99939727783203,49.999385833740234,100.0,0.0,0.0,344.8075866699219,0.0,7.924896240234375,16.99934196472168,17.000225067138672,0.0,1.034000039100647,0.9067617654800415,50.0,0.09999999403953552,2.291024684906006,0.0,0.0,0.0,0.0,103.27880899832111,0.0,0.0,-0.0,0.0029161814600229263,-0.002915420802310109,0.0,7.606577128171921e-07,100.39202880859375,100.39176177978516,790.7512817382812,790.7510986328125,790.7510986328125,550.3629760742188,0.0,0.0,34.29447937011719,0.0010999999940395355,0.02200000174343586,0.03299999609589577,78.25238800048828,5655.8173828125,114276.53125,0.02126905508339405,0.0,3.1392715754918754e-05,907.52685546875,0.0,0.2313188910484314,0.019132470712065697,0.0,0.0,34.8390007019043,0.0,0.0,1600.0,0.0,50.0,0.0,0.0,0.0,50.0,50.0,200.0,1.0,1.0,1.0000001192092896,0.0
690.0,155.14996337890625,309.97491455078125,327.8082275390625,327.8073425292969,292.14166259765625,292.1425476074219,16515.818359375,33031.63671875,66.97457122802734,66.974609375,1915.8817138671875,3831.65966796875,1915.844970703125,3831.5859375,288.52978515625,59.19443893432617,4.3598520278465e-06,0.0,0.0,2583.7060546875,1290.1494140625,0.0,34.32765197753906,2906.3466796875,11.836605072021484,11.836649894714355,971.078369140625,1942.06103515625,49.99946975708008,49.99945831298828,100.0,0.0,0.0,344.812744140625,0.0,7.924896240234375,17.004497528076172,17.00537872314453,0.0,1.034000039100647,0.9067617654800415,50.0,0.09999999403953552,2.2910208702087402,0.0,0.0,0.0,0.0,100.38664922588393,0.0,0.0,-0.0,0.0029161814600229263,-0.0029167025350034237,0.0,-5.210749804973602e-07,100.3919448852539,100.39193725585938,790.7518920898438,790.7518920898438,790.7518920898438,550.3634033203125,0.0,0.0,34.32765197753906,0.0010999999940395355,0.02200000174343586,0.03299999609589577,78.25250244140625,5655.8173828125,114276.53125,0.02126905508339405,0.0,3.1392715754918754e-05,920.863037109375,0.0,0.23131923377513885,0.019132496789097786,0.0,0.0,34.8390007019043,0.0,0.0,1600.0,0.0,50.0,0.0,0.0,0.0,50.0,50.0,200.0,1.0,1.0,1.0000001192092896,0.0
700.0,155.15975952148438,309.974853515625,327.8082275390625,327.8073425292969,292.1416015625,292.1424865722656,16515.818359375,33031.63671875,66.97453308105469,66.97457122802734,1915.8824462890625,3831.66162109375,1915.8448486328125,3831.5859375,288.5259704589844,59.1848030090332,-9.90624243968341e-07,0.0,0.0,2583.677490234375,1290.1484375,0.0,34.359859466552734,2906.366943359375,11.8366117477417,11.836657524108887,971.0771484375,1942.0587158203125,49.99940872192383,49.99939727783203,100.0,0.0,0.0,344.8177490234375,0.0,7.924896240234375,17.0095157623291,17.01039695739746,0.0,1.034000039100647,0.9067617654800415,50.0,0.09999999403953552,2.2910046577453613,0.0,0.0,0.0,0.0,97.57644430784586,0.0,0.0,-0.0,0.0029240609146654606,-0.0029219361022114754,0.0,2.1248124539852142e-06,100.39310455322266,100.39263916015625,790.7555541992188,790.7552490234375,790.7552490234375,550.3650512695312,0.0,0.0,34.359859466552734,0.0010999999940395355,0.02200000174343586,0.03299999609589577,78.25261688232422,5655.8173828125,114276.53125,0.02126905508339405,0.0,3.1392715754918754e-05,934.19921875,0.0,0.23131954669952393,0.019132526591420174,0.0,0.0,34.8390007019043,0.0,0.0,1600.0,0.0,50.0,0.0,0.0,0.0,50.0,50.0,200.0,1.0,1.0,1.0000001192092896,0.0
710.0,155.1695098876953,309.974853515625,327.8082275390625,327.8073425292969,292.1416015625,292.1424865722656,16515.818359375,33031.63671875,66.97450256347656,66.97454071044922,1915.882080078125,3831.65966796875,1915.844970703125,3831.5859375,288.52239990234375,59.17586135864258,3.8845923882036e-06,0.0,0.0,2583.648681640625,1290.1478271484375,0.0,34.38677215576172,2906.376953125,11.836618423461914,11.836665153503418,971.078369140625,1942.06103515625,49.99942398071289,49.99942398071289,100.0,0.0,0.0,344.8227844238281,0.0,7.924896240234375,17.01453399658203,17.01541519165039,0.0,1.034000039100647,0.9067617654800415,50.0,0.09999999403953552,2.29099702835083,0.0,0.0,0.0,0.0,94.7806925436276,0.0,0.0,-0.0,0.0029240609146654606,-0.0029244995675981045,0.0,-4.386529326438904e-07,100.39301300048828,100.39298248291016,790.7568359375,790.7568359375,790.7568359375,550.3658447265625,0.0,0.0,34.38677215576172,0.0010999999940395355,0.02200000174343586,0.03299999609589577,78.25272369384766,5655.8173828125,114276.53125,0.02126905508339405,0.0,3.1392715754918754e-05,947.535400390625,0.0,0.231319859623909,0.019132554531097412,0.0,0.0,34.8390007019043,0.0,0.0,1600.0,0.0,50.0,0.0,0.0,0.0,50.0,50.0,200.0,1.0,1.0,1.0000001192092896,0.0
720.0,155.1790313720703,309.97479248046875,327.8082275390625,327.8073425292969,292.1415710449219,292.1424560546875,16515.818359375,33031.63671875,66.97449493408203,66.97453308105469,1915.8795166015625,3831.6552734375,1915.8448486328125,3831.5859375,288.5189514160156,59.16714096069336,2.0743387096899824e-07,0.0,0.0,2583.620849609375,1290.14697265625,0.0,34.41815185546875,2906.376953125,11.836627006530762,11.836671829223633,971.0770874023438,1942.0584716796875,49.99951934814453,49.999507904052734,100.0,0.0,0.0,344.8276672363281,0.0,7.924896240234375,17.01941680908203,17.02029800415039,0.0,1.034000039100647,0.9067617654800415,50.0,0.09999999403953552,2.290996789932251,0.0,0.0,0.0,0.0,92.05242638516258,0.0,0.0,-0.0,0.002931940369307995,-0.0029244995675981045,0.0,7.440859917551279e-06,100.39320373535156,100.39299011230469,790.7570190429688,790.7568359375,790.7568359375,550.3658447265625,0.0,0.0,34.41815185546875,0.0010999999940395355,0.02200000174343586,0.03299999609589577,78.25284576416016,5655.8173828125,114276.53125,0.02126905508339405,0.0,3.1392715754918754e-05,960.87158203125,0.0,0.23132015764713287,0.01913258247077465,0.0,0.0,34.8390007019043,0.0,0.0,1600.0,0.0,50.0,0.0,0.0,0.0,50.0,50.0,200.0,1.0,1.0,1.0000001192092896,0.0
730.0,155.18844604492188,309.97479248046875,327.8082275390625,327.8073425292969,292.14154052734375,292.14239501953125,16515.818359375,33031.63671875,66.97443389892578,66.97447204589844,1915.8824462890625,3831.66162109375,1915.8448486328125,3831.5859375,288.5157165527344,59.15900421142578,5.970955498924013e-07,0.0,0.0,2583.593017578125,1290.1463623046875,0.0,34.44076919555664,2906.407958984375,11.836633682250977,11.836679458618164,971.0784301757812,1942.061279296875,49.99938201904297,49.99937438964844,100.0,0.0,0.0,344.83245849609375,0.0,7.924896240234375,17.02423095703125,17.02511215209961,0.0,1.034000039100647,0.9067617654800415,50.0,0.09999999403953552,2.2909724712371826,0.0,0.0,0.0,0.0,89.35308262916324,0.0,0.0,-0.0,0.002931940369307995,-0.0029325103387236595,0.0,-5.699694156646729e-07,100.39408111572266,100.39405822753906,790.761962890625,790.761962890625,790.761962890625,550.3683471679688,0.0,0.0,34.44076919555664,0.0010999999940395355,0.02200000174343586,0.03299999609589577,78.25286865234375,5655.8173828125,114276.53125,0.02126905508339405,0.0,3.1392715754918754e-05,974.207763671875,0.0,0.231320321559906,0.0191325880587101,0.0,0.0,34.8390007019043,0.0,0.0,1600.0,0.0,50.0,0.0,0.0,0.0,50.0,50.0,200.0,1.0,1.0,1.0000001192092896,0.0
740.0,155.19769287109375,309.97479248046875,327.8082275390625,327.8073425292969,292.14154052734375,292.14239501953125,16515.818359375,33031.63671875,66.97443389892578,66.97447204589844,1915.880859375,3831.65771484375,1915.844970703125,3831.5859375,288.51263427734375,59.1512451171875,-4.975350293534575e-06,0.0,0.0,2583.56591796875,1290.1458740234375,0.0,34.46723556518555,2906.407958984375,11.836641311645508,11.836687088012695,971.078369140625,1942.06103515625,49.99946594238281,49.99946975708008,100.0,0.0,0.0,344.83721923828125,0.0,7.924896240234375,17.02897834777832,17.02985954284668,0.0,1.034000039100647,0.9067617654800415,50.0,0.09999999403953552,2.2909724712371826,0.0,0.0,0.0,0.0,86.70194287727334,0.0,0.0,-0.0,0.002931940369307995,-0.0029325103387236595,0.0,-5.699694156646729e-07,100.39408111572266,100.39405822753906,790.761962890625,790.761962890625,790.761962890625,550.3683471679688,0.0,0.0,34.46723556518555,0.0010999999940395355,0.02200000174343586,0.03299999609589577,78.25286865234375,5655.8173828125,114276.53125,0.02126905508339405,0.0,3.1392715754918754e-05,987.5439453125,0.0,0.231320321559906,0.0191325880587101,0.0,0.0,34.8390007019043,0.0,0.0,1600.0,0.0,50.0,0.0,0.0,0.0,50.0,50.0,200.0,1.0,1.0,1.0000001192092896,0.0
750.0,155.20672607421875,309.9747009277344,327.8082275390625,327.8073425292969,292.1414489746094,292.142333984375,16515.818359375,33031.63671875,66.97439575195312,66.97443389892578,1915.882080078125,3831.658935546875,1915.8448486328125,3831.5859375,288.5096130371094,59.143714904785156,2.9143593565095216e-06,0.0,0.0,2583.5390625,1290.14501953125,0.0,34.49019241333008,2906.425537109375,11.836647987365723,11.836694717407227,971.075927734375,1942.0562744140625,49.99942398071289,49.999427795410156,100.0,0.0,0.0,344.84185791015625,0.0,7.924896240234375,17.03362464904785,17.03450584411621,0.0,1.034000039100647,0.9067617654800415,50.0,0.09999999403953552,2.2909584045410156,0.0,0.0,0.0,0.0,84.11346833072575,0.0,0.0,-0.0,0.002939819823950529,-0.0029369965195655823,0.0,2.823304384946823e-06,100.39519500732422,100.39466857910156,790.7651977539062,790.7647705078125,790.7647705078125,550.3697509765625,0.0,0.0,34.49019241333008,0.0010999999940395355,0.02200000174343586,0.03299999609589577,78.25286865234375,5655.8173828125,114276.53125,0.02126905508339405,0.0,3.1392715754918754e-05,1000.880126953125,0.0,0.231320321559906,0.0191325880587101,0.0,0.0,34.8390007019043,0.0,0.0,1600.0,0.0,50.0,0.0,0.0,0.0,50.0,50.0,200.0,1.0,1.0,1.0000001192092896,0.0
760.0,155.21572875976562,309.9747009277344,327.8082275390625,327.8073425292969,292.1414489746094,292.142333984375,16515.818359375,33031.63671875,66.97435760498047,66.97439575195312,1915.8822021484375,3831.6591796875,1915.844970703125,3831.5859375,288.50689697265625,59.136844635009766,-4.990200523025123e-06,0.0,0.0,2583.512939453125,1290.1444091796875,0.0,34.511985778808594,2906.438720703125,11.836654663085938,11.836701393127441,971.078369140625,1942.06103515625,49.99941635131836,49.999420166015625,100.0,0.0,0.0,344.8464660644531,0.0,7.924896240234375,17.03823471069336,17.03911781311035,0.0,1.034000039100647,0.9067617654800415,50.0,0.09999999403953552,2.2909481525421143,0.0,0.0,0.0,0.0,81.53463458500006,0.0,0.0,-0.0,0.002939819823950529,-0.002940414473414421,0.0,-5.9476587921381e-07,100.39513397216797,100.3951187133789,790.7669677734375,790.7669677734375,790.7669677734375,550.370849609375,0.0,0.0,34.511985778808594,0.0010999999940395355,0.02200000174343586,0.03299999609589577,78.25286865234375,5655.8173828125,114276.53125,0.02126905508339405,0.0,3.1392715754918754e-05,1014.21630859375,0.0,0.231320321559906,0.0191325880587101,0.0,0.0,34.8390007019043,0.0,0.0,1600.0,0.0,50.0,0.0,0.0,0.0,50.0,50.0,200.0,1.0,1.0,1.0000001192092896,0.0
770.0,155.2244110107422,309.9747009277344,327.8082275390625,327.8073425292969,292.1414489746094,292.142333984375,16515.818359375,33031.63671875,66.97435760498047,66.97439575195312,1915.8798828125,3831.6552734375,1915.844970703125,3831.5859375,288.50421142578125,59.130157470703125,4.136000370635884e-06,0.0,0.0,2583.4873046875,1290.1439208984375,0.0,34.5357666015625,2906.438720703125,11.836661338806152,11.836708068847656,971.0783081054688,1942.0609130859375,49.9995002746582,49.9995002746582,100.0,0.0,0.0,344.8509216308594,0.0,7.924896240234375,17.04267692565918,17.043560028076172,0.0,1.034000039100647,0.9067617654800415,50.0,0.09999999403953552,2.2909481525421143,0.0,0.0,0.0,0.0,79.04255999925834,0.0,0.0,-0.0,0.002939819823950529,-0.002940414473414421,0.0,-5.9476587921381e-07,100.39513397216797,100.3951187133789,790.7669677734375,790.7669677734375,790.7669677734375,550.370849609375,0.0,0.0,34.5357666015625,0.0010999999940395355,0.02200000174343586,0.03299999609589577,78.25286865234375,5655.8173828125,114276.53125,0.02126905508339405,0.0,3.1392715754918754e-05,1027.5521240234375,0.0,0.231320321559906,0.0191325880587101,0.0,0.0,34.8390007019043,0.0,0.0,1600.0,0.0,50.0,0.0,0.0,0.0,50.0,50.0,200.0,1.0,1.0,1.0000001192092896,0.0
780.0,155.23281860351562,309.9746398925781,327.8081970214844,327.80731201171875,292.1413879394531,292.14227294921875,16515.818359375,33031.63671875,66.97433471679688,66.97437286376953,1915.8790283203125,3831.654541015625,1915.844970703125,3831.5859375,288.50164794921875,59.123634338378906,-3.873243258567527e-06,0.0,0.0,2583.46240234375,1290.1434326171875,0.0,34.5562858581543,2906.45068359375,11.836669921875,11.836715698242188,971.0758666992188,1942.055908203125,49.99951171875,49.9995002746582,100.0,0.0,0.0,344.855224609375,0.0,7.924896240234375,17.04701805114746,17.04789924621582,0.0,1.034000039100647,0.9067617654800415,50.0,0.09999999403953552,2.2909388542175293,0.0,0.0,0.0,0.0,76.63243222050272,0.0,0.0,-0.0,0.0029476990457624197,-0.002943405183032155,0.0,4.293979145586491e-06,100.39617919921875,100.3955307006836,790.7693481445312,790.7688598632812,790.7688598632812,550.3717651367188,0.0,0.0,34.5562858581543,0.0010999999940395355,0.02200000174343586,0.03299999609589577,78.25286865234375,5655.8173828125,114276.53125,0.02126905508339405,0.0,3.1392715754918754e-05,1040.8870849609375,0.0,0.231320321559906,0.0191325880587101,0.0,0.0,34.8390007019043,0.0,0.0,1600.0,0.0,50.0,0.0,0.0,0.0,50.0,50.0,200.0,1.0,1.0,1.0000001192092896,0.0
790.0,155.24124145507812,309.9746398925781,327.8081970214844,327.80731201171875,292.1413879394531,292.14227294921875,16515.818359375,33031.63671875,66.97429656982422,66.97433471679688,1915.8802490234375,3831.656005859375,1915.844970703125,3831.5859375,288.4992980957031,59.117740631103516,-9.492114827480691e-07,0.0,0.0,2583.43798828125,1290.142822265625,0.0,34.571773529052734,2906.469482421875,11.836675643920898,11.836722373962402,971.0783081054688,1942.0609130859375,49.99945068359375,49.999454498291016,100.0,0.0,0.0,344.85955810546875,0.0,7.924896240234375,17.05135726928711,17.0522403717041,0.0,1.034000039100647,0.9067617654800415,50.0,0.09999999403953552,2.290924072265625,0.0,0.0,0.0,0.0,74.2223044417471,0.0,0.0,-0.0,0.0029476990457624197,-0.0029483186081051826,0.0,-6.195623427629471e-07,100.39617919921875,100.39617919921875,790.77197265625,790.77197265625,790.77197265625,550.373291015625,0.0,0.0,34.571773529052734,0.0010999999940395355,0.02200000174343586,0.03299999609589577,78.25286865234375,5655.8173828125,114276.53125,0.02126905508339405,0.0,3.1392715754918754e-05,1054.2220458984375,0.0,0.231320321559906,0.0191325880587101,0.0,0.0,34.8390007019043,0.0,0.0,1600.0,0.0,50.0,0.0,0.0,0.0,50.0,50.0,200.0,1.0,1.0,1.0000001192092896,0.0
800.0,155.24937438964844,309.9746398925781,327.8081970214844,327.80731201171875,292.1413879394531,292.14227294921875,16515.818359375,33031.63671875,66.97429656982422,66.97433471679688,1915.8780517578125,3831.6513671875,1915.8448486328125,3831.5859375,288.4970397949219,59.11205291748047,1.568687366670929e-06,0.0,0.0,2583.4140625,1290.142333984375,0.0,34.59312057495117,2906.469482421875,11.836684226989746,11.836730003356934,971.0781860351562,1942.060791015625,49.999542236328125,49.999549865722656,100.0,0.0,0.0,344.8637390136719,0.0,7.924896240234375,17.05552864074707,17.05640983581543,0.0,1.034000039100647,0.9067617654800415,50.0,0.09999999403953552,2.290924072265625,0.0,0.0,0.0,0.0,71.88929502215356,0.0,0.0,-0.0,0.0029476990457624197,-0.0029483186081051826,0.0,-6.195623427629471e-07,100.39617919921875,100.39617919921875,790.77197265625,790.77197265625,790.77197265625,550.373291015625,0.0,0.0,34.59312057495117,0.0010999999940395355,0.02200000174343586,0.03299999609589577,78.25286865234375,5655.8173828125,114276.53125,0.02126905508339405,0.0,3.1392715754918754e-05,1067.5570068359375,0.0,0.231320321559906,0.0191325880587101,0.0,0.0,34.8390007019043,0.0,0.0,1600.0,0.0,50.0,0.0,0.0,0.0,50.0,50.0,200.0,1.0,1.0,1.0000001192092896,0.0
810.0,155.25721740722656,309.9746398925781,327.8081970214844,327.80731201171875,292.1413879394531,292.14227294921875,16515.818359375,33031.63671875,66.97429656982422,66.97433471679688,1915.875732421875,3831.646484375,1915.844970703125,3831.5859375,288.49481201171875,59.10649108886719,2.099217226714245e-06,0.0,0.0,2583.390869140625,1290.141845703125,0.0,34.61131286621094,2906.469482421875,11.836690902709961,11.836737632751465,971.078125,1942.0604248046875,49.99962615966797,49.999629974365234,100.0,0.0,0.0,344.86773681640625,0.0,7.924896240234375,17.05953025817871,17.06041145324707,0.0,1.034000039100647,0.9067617654800415,50.0,0.09999999403953552,2.290924072265625,0.0,0.0,0.0,0.0,69.63824045695915,0.0,0.0,-0.0,0.0029476990457624197,-0.0029483186081051826,0.0,-6.195623427629471e-07,100.39617919921875,100.39617919921875,790.77197265625,790.77197265625,790.77197265625,550.373291015625,0.0,0.0,34.61131286621094,0.0010999999940395355,0.02200000174343586,0.03299999609589577,78.25286865234375,5655.8173828125,114276.53125,0.02126905508339405,0.0,3.1392715754918754e-05,1080.8919677734375,0.0,0.231320321559906,0.0191325880587101,0.0,0.0,34.8390007019043,0.0,0.0,1600.0,0.0,50.0,0.0,0.0,0.0,50.0,50.0,200.0,1.0,1.0,1.0000001192092896,0.0
820.0,155.26495361328125,309.9745788574219,327.8081359863281,327.8072509765625,292.1413269042969,292.1422119140625,16515.818359375,33031.63671875,66.9742431640625,66.97427368164062,1915.8768310546875,3831.650146484375,1915.844970703125,3831.5859375,288.49273681640625,59.101234436035156,-3.76918728761666e-06,0.0,0.0,2583.3681640625,1290.1412353515625,0.0,34.62577819824219,2906.49609375,11.836698532104492,11.83674430847168,971.076904296875,1942.05810546875,49.99953842163086,49.99952697753906,100.0,0.0,0.0,344.8717041015625,0.0,7.924896240234375,17.06356430053711,17.0644474029541,0.0,1.034000039100647,0.9067617654800415,50.0,0.09999999403953552,2.290902853012085,0.0,0.0,0.0,0.0,67.42092064722833,0.0,0.0,-0.0,0.002955578500404954,-0.0029551545158028603,0.0,4.239846020936966e-07,100.3973388671875,100.39710235595703,790.7765502929688,790.7763061523438,790.7763061523438,550.3754272460938,0.0,0.0,34.62577819824219,0.0010999999940395355,0.02200000174343586,0.03299999609589577,78.25286865234375,5655.8173828125,114276.53125,0.02126905508339405,0.0,3.1392715754918754e-05,1094.2269287109375,0.0,0.231320321559906,0.0191325880587101,0.0,0.0,34.8390007019043,0.0,0.0,1600.0,0.0,50.0,0.0,0.0,0.0,50.0,50.0,200.0,1.0,1.0,1.0000001192092896,0.0
830.0,155.27264404296875,309.9745788574219,327.8081359863281,327.8072509765625,292.1413269042969,292.1422119140625,16515.818359375,33031.63671875,66.9742202758789,66.97425842285156,1915.875244140625,3831.646484375,1915.844970703125,3831.5859375,288.4908752441406,59.096527099609375,-2.8555263043017476e-07,0.0,0.0,2583.345458984375,1290.140625,0.0,34.63945770263672,2906.499755859375,11.836706161499023,11.836750984191895,971.078125,1942.0604248046875,49.999595642089844,49.99958419799805,100.0,0.0,0.0,344.87567138671875,0.0,7.924896240234375,17.06753158569336,17.06841468811035,0.0,1.034000039100647,0.9067617654800415,50.0,0.09999999403953552,2.2908999919891357,0.0,0.0,0.0,0.0,65.21324566202591,0.0,0.0,-0.0,0.002955578500404954,-0.002956115873530507,0.0,-5.37489540874958e-07,100.39725494384766,100.39723205566406,790.7769165039062,790.7769165039062,790.7769165039062,550.375732421875,0.0,0.0,34.63945770263672,0.0010999999940395355,0.02200000174343586,0.03299999609589577,78.25286865234375,5655.8173828125,114276.53125,0.02126905508339405,0.0,3.1392715754918754e-05,1107.5618896484375,0.0,0.231320321559906,0.0191325880587101,0.0,0.0,34.8390007019043,0.0,0.0,1600.0,0.0,50.0,0.0,0.0,0.0,50.0,50.0,200.0,1.0,1.0,1.0000001192092896,0.0
840.0,155.28005981445312,309.9745788574219,327.8081359863281,327.8072509765625,292.1413269042969,292.1422119140625,16515.818359375,33031.63671875,66.9742202758789,66.97425842285156,1915.8729248046875,3831.641357421875,1915.8448486328125,3831.5859375,288.4890441894531,59.091915130615234,-3.3669239201117307e-06,0.0,0.0,2583.32373046875,1290.14013671875,0.0,34.65543746948242,2906.499755859375,11.836712837219238,11.836759567260742,971.0779418945312,1942.0601806640625,49.99967575073242,49.99967956542969,100.0,0.0,0.0,344.87945556640625,0.0,7.924896240234375,17.071331024169922,17.07221221923828,0.0,1.034000039100647,0.9067617654800415,50.0,0.09999999403953552,2.2908999919891357,0.0,0.0,0.0,0.0,63.09232983680748,0.0,0.0,-0.0,0.002955578500404954,-0.002956115873530507,0.0,-5.37489540874958e-07,100.39725494384766,100.39723205566406,790.7769165039062,790.7769165039062,790.7769165039062,550.375732421875,0.0,0.0,34.65543746948242,0.0010999999940395355,0.02200000174343586,0.03299999609589577,78.25286865234375,5655.8173828125,114276.53125,0.02126905508339405,0.0,3.1392715754918754e-05,1120.8968505859375,0.0,0.231320321559906,0.0191325880587101,0.0,0.0,34.8390007019043,0.0,0.0,1600.0,0.0,50.0,0.0,0.0,0.0,50.0,50.0,200.0,1.0,1.0,1.0000001192092896,0.0
850.0,155.28713989257812,309.9745788574219,327.8081359863281,327.8072509765625,292.1413269042969,292.1422119140625,16515.818359375,33031.63671875,66.9742202758789,66.97425842285156,1915.8701171875,3831.6357421875,1915.844970703125,3831.5859375,288.48724365234375,59.08739471435547,-3.150445309074712e-06,0.0,0.0,2583.302978515625,1290.1397705078125,0.0,34.67103958129883,2906.499755859375,11.836721420288086,11.836766242980957,971.0777587890625,1942.059814453125,49.99977111816406,49.999759674072266,100.0,0.0,0.0,344.8830871582031,0.0,7.924896240234375,17.07495880126953,17.07583999633789,0.0,1.034000039100647,0.9067617654800415,50.0,0.09999999403953552,2.2908999919891357,0.0,0.0,0.0,0.0,61.058185242692595,0.0,0.0,-0.0,0.002955578500404954,-0.002956115873530507,0.0,-5.37489540874958e-07,100.39725494384766,100.39723205566406,790.7769165039062,790.7769165039062,790.7769165039062,550.375732421875,0.0,0.0,34.67103958129883,0.0010999999940395355,0.02200000174343586,0.03299999609589577,78.25286865234375,5655.8173828125,114276.53125,0.02126905508339405,0.0,3.1392715754918754e-05,1134.2318115234375,0.0,0.231320321559906,0.0191325880587101,0.0,0.0,34.8390007019043,0.0,0.0,1600.0,0.0,50.0,0.0,0.0,0.0,50.0,50.0,200.0,1.0,1.0,1.0000001192092896,0.0
860.0,155.2939910888672,309.97454833984375,327.80810546875,327.8072204589844,292.14129638671875,292.1421813964844,16515.818359375,33031.63671875,66.97420501708984,66.9742431640625,1915.86865234375,3831.6318359375,1915.8448486328125,3831.5859375,288.4854736328125,59.0829963684082,4.941520273860078e-06,0.0,0.0,2583.282470703125,1290.1392822265625,0.0,34.686214447021484,2906.50537109375,11.8367280960083,11.836774826049805,971.0764770507812,1942.057373046875,49.999813079833984,49.99981689453125,100.0,0.0,0.0,344.8866271972656,0.0,7.924896240234375,17.07851791381836,17.07940101623535,0.0,1.034000039100647,0.9067617654800415,50.0,0.09999999403953552,2.290895700454712,0.0,0.0,0.0,0.0,59.09151820691792,0.0,0.0,-0.0,0.002959518227726221,-0.0029575044754892588,0.0,2.0137522369623184e-06,100.39775848388672,100.39742279052734,790.778076171875,790.77783203125,790.77783203125,550.376220703125,0.0,0.0,34.686214447021484,0.0010999999940395355,0.02200000174343586,0.03299999609589577,78.25286865234375,5655.8173828125,114276.53125,0.02126905508339405,0.0,3.1392715754918754e-05,1147.5667724609375,0.0,0.231320321559906,0.0191325880587101,0.0,0.0,34.8390007019043,0.0,0.0,1600.0,0.0,50.0,0.0,0.0,0.0,50.0,50.0,200.0,1.0,1.0,1.0000001192092896,0.0
870.0,155.30072021484375,309.97454833984375,327.80810546875,327.8072204589844,292.14129638671875,292.1421813964844,16515.818359375,33031.63671875,66.97418975830078,66.97422790527344,1915.8673095703125,3831.62939453125,1915.8448486328125,3831.5859375,288.48388671875,59.07891845703125,-1.5116904705791967e-06,0.0,0.0,2583.2626953125,1290.138916015625,0.0,34.69891357421875,2906.514404296875,11.836734771728516,11.83678150177002,971.0775756835938,1942.0595703125,49.99983596801758,49.999839782714844,100.0,0.0,0.0,344.8900451660156,0.0,7.924896240234375,17.08194351196289,17.08282470703125,0.0,1.034000039100647,0.9067617654800415,50.0,0.09999999403953552,2.290888547897339,0.0,0.0,0.0,0.0,57.16341437443081,0.0,0.0,-0.0,0.002959518227726221,-0.0029598542023450136,0.0,-3.359746187925339e-07,100.39776611328125,100.39773559570312,790.779296875,790.779296875,790.779296875,550.376953125,0.0,0.0,34.69891357421875,0.0010999999940395355,0.02200000174343586,0.03299999609589577,78.25286865234375,5655.8173828125,114276.53125,0.02126905508339405,0.0,3.1392715754918754e-05,1160.9017333984375,0.0,0.231320321559906,0.0191325880587101,0.0,0.0,34.8390007019043,0.0,0.0,1600.0,0.0,50.0,0.0,0.0,0.0,50.0,50.0,200.0,1.0,1.0,1.0000001192092896,0.0
880.0,155.30728149414062,309.97454833984375,327.80810546875,327.8072204589844,292.14129638671875,292.1421813964844,16515.818359375,33031.63671875,66.97418975830078,66.97422790527344,1915.8641357421875,3831.62451171875,1915.844970703125,3831.5859375,288.4823303222656,59.07500457763672,-4.23022447648691e-06,0.0,0.0,2583.243408203125,1290.1385498046875,0.0,34.712276458740234,2906.514404296875,11.836743354797363,11.836788177490234,971.0775146484375,1942.059326171875,49.99993133544922,49.99991989135742,100.0,0.0,0.0,344.8934326171875,0.0,7.924896240234375,17.08533477783203,17.08621597290039,0.0,1.034000039100647,0.9067617654800415,50.0,0.09999999403953552,2.290888547897339,0.0,0.0,0.0,0.0,55.283514546053155,0.0,0.0,-0.0,0.002959518227726221,-0.0029598542023450136,0.0,-3.359746187925339e-07,100.39776611328125,100.39773559570312,790.779296875,790.779296875,790.779296875,550.376953125,0.0,0.0,34.712276458740234,0.0010999999940395355,0.02200000174343586,0.03299999609589577,78.25286865234375,5655.8173828125,114276.53125,0.02126905508339405,0.0,3.1392715754918754e-05,1174.2366943359375,0.0,0.231320321559906,0.0191325880587101,0.0,0.0,34.8390007019043,0.0,0.0,1600.0,0.0,50.0,0.0,0.0,0.0,50.0,50.0,200.0,1.0,1.0,1.0000001192092896,0.0
890.0,155.31369018554688,309.9744873046875,327.8080139160156,327.8071594238281,292.1412658691406,292.14215087890625,16515.818359375,33031.63671875,66.97412872314453,66.97416687011719,1915.86669921875,3831.628173828125,1915.844970703125,3831.5859375,288.4808654785156,59.07135772705078,1.8003820514422841e-06,0.0,0.0,2583.224853515625,1290.137939453125,0.0,34.719364166259766,2906.543212890625,11.836749076843262,11.836795806884766,971.076416015625,1942.05712890625,49.99979782104492,49.99980163574219,100.0,0.0,0.0,344.8966979980469,0.0,7.924896240234375,17.08869171142578,17.08953857421875,0.0,1.034000039100647,0.9067617654800415,50.0,0.09999999403953552,2.290865898132324,0.0,0.0,0.0,0.0,53.45181872178497,0.0,0.0,-0.0,0.0029673976823687553,-0.002967224456369877,0.0,1.73225998878479e-07,100.39892578125,100.39872741699219,790.7841186523438,790.7839965820312,790.7839965820312,550.3792724609375,0.0,0.0,34.719364166259766,0.0010999999940395355,0.02200000174343586,0.03299999609589577,78.25286865234375,5655.8173828125,114276.53125,0.02126905508339405,0.0,3.1392715754918754e-05,1187.5716552734375,0.0,0.231320321559906,0.0191325880587101,0.0,0.0,34.8390007019043,0.0,0.0,1600.0,0.0,50.0,0.0,0.0,0.0,50.0,50.0,200.0,1.0,1.0,1.0000001192092896,0.0
900.0,155.32012939453125,309.9744873046875,327.8080139160156,327.8071594238281,292.1412353515625,292.14208984375,16515.818359375,33031.63671875,66.97412109375,66.97415924072266,1915.8638916015625,3831.623779296875,1915.844970703125,3831.5859375,288.4796142578125,59.0682258605957,1.5981261185515905e-06,0.0,0.0,2583.205810546875,1290.1373291015625,0.0,34.72843933105469,2906.546142578125,11.836756706237793,11.83680248260498,971.0775146484375,1942.059326171875,49.999874114990234,49.99986267089844,100.0,0.0,0.0,344.9000244140625,0.0,7.924896240234375,17.09201431274414,17.09286117553711,0.0,1.034000039100647,0.9067617654800415,50.0,0.09999999403953552,2.290863513946533,0.0,0.0,0.0,0.0,51.60084129587299,0.0,0.0,-0.0,0.0029673976823687553,-0.0029679718427360058,0.0,-5.741603672504425e-07,100.39884185791016,100.3988265991211,790.7844848632812,790.7844848632812,790.7844848632812,550.3794555664062,0.0,0.0,34.72843933105469,0.0010999999940395355,0.02200000174343586,0.03299999609589577,78.25286865234375,5655.8173828125,114276.53125,0.02126905508339405,0.0,3.1392715754918754e-05,1200.9066162109375,0.0,0.231320321559906,0.0191325880587101,0.0,0.0,34.8390007019043,0.0,0.0,1600.0,0.0,50.0,0.0,0.0,0.0,50.0,50.0,200.0,1.0,1.0,1.0000001192092896,0.0
910.0,155.3263397216797,309.9744873046875,327.8080139160156,327.8071594238281,292.1412353515625,292.14208984375,16515.818359375,33031.63671875,66.97412109375,66.97415924072266,1915.8616943359375,3831.617919921875,1915.8448486328125,3831.5859375,288.4783935546875,59.065185546875,4.693720256909728e-06,0.0,0.0,2583.1875,1290.1370849609375,0.0,34.73986053466797,2906.546142578125,11.836764335632324,11.836811065673828,971.0773315429688,1942.05908203125,49.99995422363281,49.99995803833008,100.0,0.0,0.0,344.9031982421875,0.0,7.924896240234375,17.09520149230957,17.096050262451172,0.0,1.034000039100647,0.9067617654800415,50.0,0.09999999403953552,2.290863513946533,0.0,0.0,0.0,0.0,49.81734545200774,0.0,0.0,-0.0,0.0029673976823687553,-0.0029679718427360058,0.0,-5.741603672504425e-07,100.39884185791016,100.3988265991211,790.7844848632812,790.7844848632812,790.7844848632812,550.3794555664062,0.0,0.0,34.73986053466797,0.0010999999940395355,0.02200000174343586,0.03299999609589577,78.25286865234375,5655.8173828125,114276.53125,0.02126905508339405,0.0,3.1392715754918754e-05,1214.2415771484375,0.0,0.231320321559906,0.0191325880587101,0.0,0.0,34.8390007019043,0.0,0.0,1600.0,0.0,50.0,0.0,0.0,0.0,50.0,50.0,200.0,1.0,1.0,1.0000001192092896,0.0
920.0,155.33236694335938,309.9744873046875,327.8080139160156,327.8071594238281,292.1412353515625,292.14208984375,16515.818359375,33031.63671875,66.97412109375,66.97415924072266,1915.859130859375,3831.613037109375,1915.844970703125,3831.5859375,288.47723388671875,59.06223678588867,6.52103437914775e-07,0.0,0.0,2583.169677734375,1290.1365966796875,0.0,34.74958419799805,2906.546142578125,11.836771011352539,11.836817741394043,971.0772705078125,1942.0587158203125,50.000038146972656,50.00004196166992,100.0,0.0,0.0,344.9062805175781,0.0,7.924896240234375,17.09828758239746,17.09913444519043,0.0,1.034000039100647,0.9067617654800415,50.0,0.09999999403953552,2.290863513946533,0.0,0.0,0.0,0.0,48.086874012662896,0.0,0.0,-0.0,0.0029673976823687553,-0.0029679718427360058,0.0,-5.741603672504425e-07,100.39884185791016,100.3988265991211,790.7844848632812,790.7844848632812,790.7844848632812,550.3794555664062,0.0,0.0,34.74958419799805,0.0010999999940395355,0.02200000174343586,0.03299999609589577,78.25286865234375,5655.8173828125,114276.53125,0.02126905508339405,0.0,3.1392715754918754e-05,1227.5765380859375,0.0,0.231320321559906,0.0191325880587101,0.0,0.0,34.8390007019043,0.0,0.0,1600.0,0.0,50.0,0.0,0.0,0.0,50.0,50.0,200.0,1.0,1.0,1.0000001192092896,0.0
930.0,155.3380889892578,309.9744873046875,327.8080139160156,327.8071594238281,292.1412353515625,292.14208984375,16515.818359375,33031.63671875,66.97412109375,66.97415924072266,1915.8575439453125,3831.611083984375,1915.844970703125,3831.5859375,288.47607421875,59.059326171875,2.332532858417835e-06,0.0,0.0,2583.15283203125,1290.1363525390625,0.0,34.75917053222656,2906.546142578125,11.836775779724121,11.836819648742676,971.0772094726562,1942.0587158203125,50.000091552734375,50.00006866455078,100.0,0.0,0.0,344.90924072265625,0.0,7.924896240234375,17.101238250732422,17.10208511352539,0.0,1.034000039100647,0.9067617654800415,50.0,0.09999999403953552,2.290863513946533,0.0,0.0,0.0,0.0,46.4479861574195,0.0,0.0,-0.0,0.0029673976823687553,-0.0029679718427360058,0.0,-5.741603672504425e-07,100.39884185791016,100.3988265991211,790.7844848632812,790.7844848632812,790.7844848632812,550.3794555664062,0.0,0.0,34.75917053222656,0.0010999999940395355,0.02200000174343586,0.03299999609589577,78.25286865234375,5655.8173828125,114276.53125,0.02126905508339405,0.0,3.1392715754918754e-05,1240.9114990234375,0.0,0.231320321559906,0.0191325880587101,0.0,0.0,34.8390007019043,0.0,0.0,1600.0,0.0,50.0,0.0,0.0,0.0,50.0,50.0,200.0,1.0,1.0,1.0000001192092896,0.0
940.0,155.3436279296875,309.9744873046875,327.8080139160156,327.8071594238281,292.1412353515625,292.14208984375,16515.818359375,33031.63671875,66.97412109375,66.97415924072266,1915.8575439453125,3831.611083984375,1915.844970703125,3831.5859375,288.4749755859375,59.05650329589844,-3.6964529499528e-06,0.0,0.0,2583.13671875,1290.1361083984375,0.0,34.76976776123047,2906.546142578125,11.836775779724121,11.836819648742676,971.0772094726562,1942.0587158203125,50.000091552734375,50.00006866455078,100.0,0.0,0.0,344.9120788574219,0.0,7.924896240234375,17.10408592224121,17.10493278503418,0.0,1.034000039100647,0.9067617654800415,50.0,0.09999999403953552,2.290863513946533,0.0,0.0,0.0,0.0,44.85730230628557,0.0,0.0,-0.0,0.0029673976823687553,-0.0029679718427360058,0.0,-5.741603672504425e-07,100.39884185791016,100.3988265991211,790.7844848632812,790.7844848632812,790.7844848632812,550.3794555664062,0.0,0.0,34.76976776123047,0.0010999999940395355,0.02200000174343586,0.03299999609589577,78.25286865234375,5655.8173828125,114276.53125,0.02126905508339405,0.0,3.1392715754918754e-05,1254.2464599609375,0.0,0.231320321559906,0.0191325880587101,0.0,0.0,34.8390007019043,0.0,0.0,1600.0,0.0,50.0,0.0,0.0,0.0,50.0,50.0,200.0,1.0,1.0,1.0000001192092896,0.0
950.0,155.34901428222656,309.9744873046875,327.8080139160156,327.8071594238281,292.1412353515625,292.14208984375,16515.818359375,33031.63671875,66.97412109375,66.97415924072266,1915.8575439453125,3831.611083984375,1915.844970703125,3831.5859375,288.473876953125,59.05375671386719,1.7186534932989161e-06,0.0,0.0,2583.12060546875,1290.1357421875,0.0,34.778751373291016,2906.546142578125,11.836775779724121,11.836819648742676,971.0772094726562,1942.0587158203125,50.000091552734375,50.00006866455078,100.0,0.0,0.0,344.9148254394531,0.0,7.924896240234375,17.10683250427246,17.10767936706543,0.0,1.034000039100647,0.9067617654800415,50.0,0.09999999403953552,2.290863513946533,0.0,0.0,0.0,0.0,43.3148224592611,0.0,0.0,-0.0,0.0029673976823687553,-0.0029679718427360058,0.0,-5.741603672504425e-07,100.39884185791016,100.3988265991211,790.7844848632812,790.7844848632812,790.7844848632812,550.3794555664062,0.0,0.0,34.778751373291016,0.0010999999940395355,0.02200000174343586,0.03299999609589577,78.25286865234375,5655.8173828125,114276.53125,0.02126905508339405,0.0,3.1392715754918754e-05,1267.5814208984375,0.0,0.231320321559906,0.0191325880587101,0.0,0.0,34.8390007019043,0.0,0.0,1600.0,0.0,50.0,0.0,0.0,0.0,50.0,50.0,200.0,1.0,1.0,1.0000001192092896,0.0
960.0,155.35427856445312,309.9743957519531,327.80792236328125,327.8070373535156,292.14117431640625,292.1420593261719,16515.818359375,33031.63671875,66.97406005859375,66.9740982055664,1915.8597412109375,3831.617431640625,1915.844970703125,3831.5859375,288.4728698730469,59.05125045776367,1.442407665308565e-06,0.0,0.0,2583.105224609375,1290.1351318359375,0.0,34.78290939331055,2906.573486328125,11.836779594421387,11.836822509765625,971.0761108398438,1942.056396484375,49.99994659423828,49.999908447265625,100.0,0.0,0.0,344.9175109863281,0.0,7.924896240234375,17.10957908630371,17.11046028137207,0.0,1.034000039100647,0.9067617654800415,50.0,0.09999999403953552,2.290842056274414,0.0,0.0,0.0,0.0,41.81090179181767,0.0,0.0,-0.0,0.002975276904180646,-0.0029750217217952013,0.0,2.5529880076646805e-07,100.39996337890625,100.39977264404297,790.7890625,790.7889404296875,790.7889404296875,550.3817138671875,0.0,0.0,34.78290939331055,0.0010999999940395355,0.02200000174343586,0.03299999609589577,78.25286865234375,5655.8173828125,114276.53125,0.02126905508339405,0.0,3.1392715754918754e-05,1280.9163818359375,0.0,0.231320321559906,0.0191325880587101,0.0,0.0,34.8390007019043,0.0,0.0,1600.0,0.0,50.0,0.0,0.0,0.0,50.0,50.0,200.0,1.0,1.0,1.0000001192092896,0.0
970.0,155.35960388183594,309.9743957519531,327.80792236328125,327.8070373535156,292.1411437988281,292.14202880859375,16515.818359375,33031.63671875,66.97405242919922,66.97409057617188,1915.85791015625,3831.612548828125,1915.844970703125,3831.5859375,288.4720764160156,59.049217224121094,-9.25890901726234e-07,0.0,0.0,2583.089599609375,1290.1346435546875,0.0,34.78780746459961,2906.576171875,11.836786270141602,11.836830139160156,971.0772094726562,1942.0587158203125,50.000003814697266,49.99998092651367,100.0,0.0,0.0,344.9202575683594,0.0,7.924896240234375,17.11232566833496,17.11320686340332,0.0,1.034000039100647,0.9067617654800415,50.0,0.09999999403953552,2.290839672088623,0.0,0.0,0.0,0.0,40.27805872190857,0.0,0.0,-0.0,0.002975276904180646,-0.0029757691081613302,0.0,-4.920875653624535e-07,100.39990234375,100.39987182617188,790.7894287109375,790.7894287109375,790.7894287109375,550.3818969726562,0.0,0.0,34.78780746459961,0.0010999999940395355,0.02200000174343586,0.03299999609589577,78.25286865234375,5655.8173828125,114276.53125,0.02126905508339405,0.0,3.1392715754918754e-05,1294.2513427734375,0.0,0.231320321559906,0.0191325880587101,0.0,0.0,34.8390007019043,0.0,0.0,1600.0,0.0,50.0,0.0,0.0,0.0,50.0,50.0,200.0,1.0,1.0,1.0000001192092896,0.0
980.0,155.36465454101562,309.9743957519531,327.80792236328125,327.8070373535156,292.1411437988281,292.14202880859375,16515.818359375,33031.63671875,66.97405242919922,66.97409057617188,1915.8575439453125,3831.610595703125,1915.844970703125,3831.5859375,288.47125244140625,59.04721450805664,1.2834474318879074e-06,0.0,0.0,2583.07470703125,1290.1343994140625,0.0,34.79401779174805,2906.576171875,11.836787223815918,11.836833000183105,971.0772094726562,1942.0587158203125,50.00001907348633,50.00000762939453,100.0,0.0,0.0,344.9228820800781,0.0,7.924896240234375,17.11493682861328,17.11581802368164,0.0,1.034000039100647,0.9067617654800415,50.0,0.09999999403953552,2.290839672088623,0.0,0.0,0.0,0.0,38.831982859396504,0.0,0.0,-0.0,0.002975276904180646,-0.0029757691081613302,0.0,-4.920875653624535e-07,100.39990234375,100.39987182617188,790.7894287109375,790.7894287109375,790.7894287109375,550.3818969726562,0.0,0.0,34.79401779174805,0.0010999999940395355,0.02200000174343586,0.03299999609589577,78.25286865234375,5655.8173828125,114276.53125,0.02126905508339405,0.0,3.1392715754918754e-05,1307.5863037109375,0.0,0.231320321559906,0.0191325880587101,0.0,0.0,34.8390007019043,0.0,0.0,1600.0,0.0,50.0,0.0,0.0,0.0,50.0,50.0,200.0,1.0,1.0,1.0000001192092896,0.0
990.0,155.3695526123047,309.9743957519531,327.80792236328125,327.8070373535156,292.1411437988281,292.14202880859375,16515.818359375,33031.63671875,66.97405242919922,66.97409057617188,1915.8575439453125,3831.610595703125,1915.844970703125,3831.5859375,288.4704895019531,59.045284271240234,3.92961237594136e-06,0.0,0.0,2583.060302734375,1290.1341552734375,0.0,34.8026237487793,2906.576171875,11.836787223815918,11.836833000183105,971.0772094726562,1942.0587158203125,50.00001907348633,50.00000762939453,100.0,0.0,0.0,344.9253845214844,0.0,7.924896240234375,17.11744499206543,17.118328094482422,0.0,1.034000039100647,0.9067617654800415,50.0,0.09999999403953552,2.290839672088623,0.0,0.0,0.0,0.0,37.42446617646547,0.0,0.0,-0.0,0.002975276904180646,-0.0029757691081613302,0.0,-4.920875653624535e-07,100.39990234375,100.39987182617188,790.7894287109375,790.7894287109375,790.7894287109375,550.3818969726562,0.0,0.0,34.8026237487793,0.0010999999940395355,0.02200000174343586,0.03299999609589577,78.25286865234375,5655.8173828125,114276.53125,0.02126905508339405,0.0,3.1392715754918754e-05,1320.9212646484375,0.0,0.231320321559906,0.0191325880587101,0.0,0.0,34.8390007019043,0.0,0.0,1600.0,0.0,50.0,0.0,0.0,0.0,50.0,50.0,200.0,1.0,1.0,1.0000001192092896,0.0
1000.0,155.374267578125,309.9743957519531,327.80792236328125,327.8070373535156,292.1411437988281,292.14202880859375,16515.818359375,33031.63671875,66.97405242919922,66.97409057617188,1915.8575439453125,3831.610595703125,1915.844970703125,3831.5859375,288.4697570800781,59.04338836669922,1.29055877096107e-06,0.0,0.0,2583.04638671875,1290.1339111328125,0.0,34.80839157104492,2906.576171875,11.836787223815918,11.836833000183105,971.0772094726562,1942.0587158203125,50.00001907348633,50.00000762939453,100.0,0.0,0.0,344.92779541015625,0.0,7.924896240234375,17.119853973388672,17.12073516845703,0.0,1.034000039100647,0.9067617654800415,50.0,0.09999999403953552,2.290839672088623,0.0,0.0,0.0,0.0,36.074794298465804,0.0,0.0,-0.0,0.002975276904180646,-0.0029757691081613302,0.0,-4.920875653624535e-07,100.39990234375,100.39987182617188,790.7894287109375,790.7894287109375,790.7894287109375,550.3818969726562,0.0,0.0,34.80839157104492,0.0010999999940395355,0.02200000174343586,0.03299999609589577,78.25286865234375,5655.8173828125,114276.53125,0.02126905508339405,0.0,3.1392715754918754e-05,1334.2562255859375,0.0,0.231320321559906,0.0191325880587101,0.0,0.0,34.8390007019043,0.0,0.0,1600.0,0.0,50.0,0.0,0.0,0.0,50.0,50.0,200.0,1.0,1.0,1.0000001192092896,0.0
1010.0,155.37876892089844,309.9743957519531,327.80792236328125,327.8070373535156,292.1411437988281,292.14202880859375,16515.818359375,33031.63671875,66.97405242919922,66.97409057617188,1915.8575439453125,3831.610595703125,1915.844970703125,3831.5859375,288.4690246582031,59.041542053222656,-4.344895842223195e-06,0.0,0.0,2583.032958984375,1290.1336669921875,0.0,34.81534194946289,2906.576171875,11.836787223815918,11.836833000183105,971.0772094726562,1942.0587158203125,50.00001907348633,50.00000762939453,100.0,0.0,0.0,344.9300842285156,0.0,7.924896240234375,17.12215805053711,17.1230411529541,0.0,1.034000039100647,0.9067617654800415,50.0,0.09999999403953552,2.290839672088623,0.0,0.0,0.0,0.0,34.78296722539748,0.0,0.0,-0.0,0.002975276904180646,-0.0029757691081613302,0.0,-4.920875653624535e-07,100.39990234375,100.39987182617188,790.7894287109375,790.7894287109375,790.7894287109375,550.3818969726562,0.0,0.0,34.81534194946289,0.0010999999940395355,0.02200000174343586,0.03299999609589577,78.25286865234375,5655.8173828125,114276.53125,0.02126905508339405,0.0,3.1392715754918754e-05,1347.5911865234375,0.0,0.231320321559906,0.0191325880587101,0.0,0.0,34.8390007019043,0.0,0.0,1600.0,0.0,50.0,0.0,0.0,0.0,50.0,50.0,200.0,1.0,1.0,1.0000001192092896,0.0
1020.0,155.3831329345703,309.9743957519531,327.80792236328125,327.8070373535156,292.1411437988281,292.14202880859375,16515.818359375,33031.63671875,66.97405242919922,66.97409057617188,1915.8575439453125,3831.610595703125,1915.844970703125,3831.5859375,288.4682922363281,59.03974914550781,-1.9694859929586528e-06,0.0,0.0,2583.020263671875,1290.1334228515625,0.0,34.82075119018555,2906.576171875,11.836787223815918,11.836833000183105,971.0772094726562,1942.0587158203125,50.00001907348633,50.00000762939453,100.0,0.0,0.0,344.9323425292969,0.0,7.924896240234375,17.12439727783203,17.12527847290039,0.0,1.034000039100647,0.9067617654800415,50.0,0.09999999403953552,2.290839672088623,0.0,0.0,0.0,0.0,33.52970134376347,0.0,0.0,-0.0,0.002975276904180646,-0.0029757691081613302,0.0,-4.920875653624535e-07,100.39990234375,100.39987182617188,790.7894287109375,790.7894287109375,790.7894287109375,550.3818969726562,0.0,0.0,34.82075119018555,0.0010999999940395355,0.02200000174343586,0.03299999609589577,78.25286865234375,5655.8173828125,114276.53125,0.02126905508339405,0.0,3.1392715754918754e-05,1360.9261474609375,0.0,0.231320321559906,0.0191325880587101,0.0,0.0,34.8390007019043,0.0,0.0,1600.0,0.0,50.0,0.0,0.0,0.0,50.0,50.0,200.0,1.0,1.0,1.0000001192092896,0.0
1030.0,155.38726806640625,309.9743957519531,327.80792236328125,327.8070373535156,292.1411437988281,292.14202880859375,16515.818359375,33031.63671875,66.97405242919922,66.97409057617188,1915.8575439453125,3831.610595703125,1915.844970703125,3831.5859375,288.46759033203125,59.03797149658203,2.69474230663036e-06,0.0,0.0,2583.008056640625,1290.133056640625,0.0,34.82875442504883,2906.576171875,11.836787223815918,11.836833000183105,971.0772094726562,1942.0587158203125,50.00001907348633,50.00000762939453,100.0,0.0,0.0,344.9344787597656,0.0,7.924896240234375,17.12653350830078,17.12741470336914,0.0,1.034000039100647,0.9067617654800415,50.0,0.09999999403953552,2.290839672088623,0.0,0.0,0.0,0.0,32.34391704417618,0.0,0.0,-0.0,0.002975276904180646,-0.0029757691081613302,0.0,-4.920875653624535e-07,100.39990234375,100.39987182617188,790.7894287109375,790.7894287109375,790.7894287109375,550.3818969726562,0.0,0.0,34.82875442504883,0.0010999999940395355,0.02200000174343586,0.03299999609589577,78.25286865234375,5655.8173828125,114276.53125,0.02126905508339405,0.0,3.1392715754918754e-05,1374.2611083984375,0.0,0.231320321559906,0.0191325880587101,0.0,0.0,34.8390007019043,0.0,0.0,1600.0,0.0,50.0,0.0,0.0,0.0,50.0,50.0,200.0,1.0,1.0,1.0000001192092896,0.0
1040.0,155.39129638671875,309.9743957519531,327.80792236328125,327.8070373535156,292.1411437988281,292.14202880859375,16515.818359375,33031.63671875,66.97405242919922,66.97409057617188,1915.8575439453125,3831.610595703125,1915.844970703125,3831.5859375,288.4669189453125,59.03626251220703,-3.2114674013428157e-06,0.0,0.0,2582.996337890625,1290.1329345703125,0.0,34.8325080871582,2906.576171875,11.836787223815918,11.836833000183105,971.0772094726562,1942.0587158203125,50.00001907348633,50.00000762939453,100.0,0.0,0.0,344.9365234375,0.0,7.924896240234375,17.12860107421875,17.12948226928711,0.0,1.034000039100647,0.9067617654800415,50.0,0.09999999403953552,2.290839672088623,0.0,0.0,0.0,0.0,31.187057158907823,0.0,0.0,-0.0,0.002975276904180646,-0.0029757691081613302,0.0,-4.920875653624535e-07,100.39990234375,100.39987182617188,790.7894287109375,790.7894287109375,790.7894287109375,550.3818969726562,0.0,0.0,34.8325080871582,0.0010999999940395355,0.02200000174343586,0.03299999609589577,78.25286865234375,5655.8173828125,114276.53125,0.02126905508339405,0.0,3.1392715754918754e-05,1387.5960693359375,0.0,0.231320321559906,0.0191325880587101,0.0,0.0,34.8390007019043,0.0,0.0,1600.0,0.0,50.0,0.0,0.0,0.0,50.0,50.0,200.0,1.0,1.0,1.0000001192092896,0.0
1050.0,155.3951416015625,309.974365234375,327.80792236328125,327.8070373535156,292.14111328125,292.1419982910156,16515.818359375,33031.63671875,66.97404479980469,66.97408294677734,1915.8575439453125,3831.610595703125,1915.8448486328125,3831.5859375,288.46624755859375,59.03458023071289,-5.112245162308682e-06,0.0,0.0,2582.98486328125,1290.132568359375,0.0,34.840152740478516,2906.576416015625,11.836787223815918,11.836833000183105,971.075927734375,1942.0562744140625,50.00001907348633,50.00000762939453,100.0,0.0,0.0,344.9385070800781,0.0,7.924896240234375,17.13056755065918,17.131450653076172,0.0,1.034000039100647,0.9067617654800415,50.0,0.09999999403953552,2.290839433670044,0.0,0.0,0.0,0.0,30.083217654453353,0.0,0.0,-0.0,0.0029792163986712694,-0.0029757691081613302,0.0,3.4474069252610207e-06,100.40007781982422,100.3998794555664,790.78955078125,790.7894287109375,790.7894287109375,550.3818969726562,0.0,0.0,34.840152740478516,0.0010999999940395355,0.02200000174343586,0.03299999609589577,78.25286865234375,5655.8173828125,114276.53125,0.02126905508339405,0.0,3.1392715754918754e-05,1400.9310302734375,0.0,0.231320321559906,0.0191325880587101,0.0,0.0,34.8390007019043,0.0,0.0,1600.0,0.0,50.0,0.0,0.0,0.0,50.0,50.0,200.0,1.0,1.0,1.0000001192092896,0.0
1060.0,155.39886474609375,309.974365234375,327.80792236328125,327.8070373535156,292.14111328125,292.1419982910156,16515.818359375,33031.63671875,66.97401428222656,66.97405242919922,1915.8577880859375,3831.611572265625,1915.844970703125,3831.5859375,288.46563720703125,59.03310012817383,2.4437001684418647e-06,0.0,0.0,2582.973876953125,1290.1322021484375,0.0,34.84172058105469,2906.591552734375,11.8367919921875,11.836837768554688,971.0772094726562,1942.0587158203125,49.999969482421875,49.99995803833008,100.0,0.0,0.0,344.9403991699219,0.0,7.924896240234375,17.13246726989746,17.13334846496582,0.0,1.034000039100647,0.9067617654800415,50.0,0.09999999403953552,2.290827751159668,0.0,0.0,0.0,0.0,29.017941353286453,0.0,0.0,-0.0,0.0029792163986712694,-0.002979721175506711,0.0,-5.046604201197624e-07,100.40042877197266,100.40039825439453,790.7919311523438,790.7919311523438,790.7919311523438,550.3831176757812,0.0,0.0,34.84172058105469,0.0010999999940395355,0.02200000174343586,0.03299999609589577,78.25286865234375,5655.8173828125,114276.53125,0.02126905508339405,0.0,3.1392715754918754e-05,1414.2659912109375,0.0,0.231320321559906,0.0191325880587101,0.0,0.0,34.8390007019043,0.0,0.0,1600.0,0.0,50.0,0.0,0.0,0.0,50.0,50.0,200.0,1.0,1.0,1.0000001192092896,0.0
1070.0,155.40255737304688,309.974365234375,327.80792236328125,327.8070373535156,292.14111328125,292.1419982910156,16515.818359375,33031.63671875,66.97401428222656,66.97405242919922,1915.8577880859375,3831.611572265625,1915.844970703125,3831.5859375,288.4651184082031,59.03179168701172,4.443671059561893e-06,0.0,0.0,2582.963134765625,1290.1319580078125,0.0,34.846656799316406,2906.591552734375,11.8367919921875,11.836837768554688,971.0772094726562,1942.0587158203125,49.999969482421875,49.99995803833008,100.0,0.0,0.0,344.9422912597656,0.0,7.924896240234375,17.13436508178711,17.1352481842041,0.0,1.034000039100647,0.9067617654800415,50.0,0.09999999403953552,2.290827751159668,0.0,0.0,0.0,0.0,27.9574854525305,0.0,0.0,-0.0,0.0029792163986712694,-0.002979721175506711,0.0,-5.046604201197624e-07,100.40042877197266,100.40039825439453,790.7919311523438,790.7919311523438,790.7919311523438,550.3831176757812,0.0,0.0,34.846656799316406,0.0010999999940395355,0.02200000174343586,0.03299999609589577,78.25286865234375,5655.8173828125,114276.53125,0.02126905508339405,0.0,3.1392715754918754e-05,1427.6009521484375,0.0,0.231320321559906,0.0191325880587101,0.0,0.0,34.8390007019043,0.0,0.0,1600.0,0.0,50.0,0.0,0.0,0.0,50.0,50.0,200.0,1.0,1.0,1.0000001192092896,0.0
1080.0,155.40625,309.974365234375,327.80792236328125,327.8070373535156,292.14111328125,292.1419982910156,16515.818359375,33031.63671875,66.97401428222656,66.97405242919922,1915.8577880859375,3831.611572265625,1915.844970703125,3831.5859375,288.46466064453125,59.03055191040039,-4.126796284253942e-06,0.0,0.0,2582.9521484375,1290.1318359375,0.0,34.8486213684082,2906.591552734375,11.8367919921875,11.836837768554688,971.0772094726562,1942.0587158203125,49.999969482421875,49.99995803833008,100.0,0.0,0.0,344.9441833496094,0.0,7.924896240234375,17.13626480102539,17.13714599609375,0.0,1.034000039100647,0.9067617654800415,50.0,0.09999999403953552,2.290827751159668,0.0,0.0,0.0,0.0,26.897029551774544,0.0,0.0,-0.0,0.0029792163986712694,-0.002979721175506711,0.0,-5.046604201197624e-07,100.40042877197266,100.40039825439453,790.7919311523438,790.7919311523438,790.7919311523438,550.3831176757812,0.0,0.0,34.8486213684082,0.0010999999940395355,0.02200000174343586,0.03299999609589577,78.25286865234375,5655.8173828125,114276.53125,0.02126905508339405,0.0,3.1392715754918754e-05,1440.9359130859375,0.0,0.231320321559906,0.0191325880587101,0.0,0.0,34.8390007019043,0.0,0.0,1600.0,0.0,50.0,0.0,0.0,0.0,50.0,50.0,200.0,1.0,1.0,1.0000001192092896,0.0
1090.0,155.4096221923828,309.974365234375,327.80792236328125,327.8070373535156,292.14111328125,292.1419982910156,16515.818359375,33031.63671875,66.97401428222656,66.97405242919922,1915.8577880859375,3831.611572265625,1915.844970703125,3831.5859375,288.4641418457031,59.02928161621094,3.5952207326772623e-06,0.0,0.0,2582.9423828125,1290.131591796875,0.0,34.8547248840332,2906.591552734375,11.8367919921875,11.836837768554688,971.0772094726562,1942.0587158203125,49.999969482421875,49.99995803833008,100.0,0.0,0.0,344.9459228515625,0.0,7.924896240234375,17.13799476623535,17.13887596130371,0.0,1.034000039100647,0.9067617654800415,50.0,0.09999999403953552,2.290827751159668,0.0,0.0,0.0,0.0,25.93297763553099,0.0,0.0,-0.0,0.0029792163986712694,-0.002979721175506711,0.0,-5.046604201197624e-07,100.40042877197266,100.40039825439453,790.7919311523438,790.7919311523438,790.7919311523438,550.3831176757812,0.0,0.0,34.8547248840332,0.0010999999940395355,0.02200000174343586,0.03299999609589577,78.25286865234375,5655.8173828125,114276.53125,0.02126905508339405,0.0,3.1392715754918754e-05,1454.2708740234375,0.0,0.231320321559906,0.0191325880587101,0.0,0.0,34.8390007019043,0.0,0.0,1600.0,0.0,50.0,0.0,0.0,0.0,50.0,50.0,200.0,1.0,1.0,1.0000001192092896,0.0
1100.0,155.41297912597656,309.974365234375,327.80792236328125,327.8070373535156,292.14111328125,292.1419982910156,16515.818359375,33031.63671875,66.97401428222656,66.97405242919922,1915.8577880859375,3831.611572265625,1915.844970703125,3831.5859375,288.4636535644531,59.0280876159668,1.8912087398348376e-06,0.0,0.0,2582.93212890625,1290.1314697265625,0.0,34.85787582397461,2906.591552734375,11.8367919921875,11.836837768554688,971.0772094726562,1942.0587158203125,49.999969482421875,49.99995803833008,100.0,0.0,0.0,344.9476623535156,0.0,7.924896240234375,17.13972282409668,17.140605926513672,0.0,1.034000039100647,0.9067617654800415,50.0,0.09999999403953552,2.290827751159668,0.0,0.0,0.0,0.0,24.968925719287434,0.0,0.0,-0.0,0.0029792163986712694,-0.002979721175506711,0.0,-5.046604201197624e-07,100.40042877197266,100.40039825439453,790.7919311523438,790.7919311523438,790.7919311523438,550.3831176757812,0.0,0.0,34.85787582397461,0.0010999999940395355,0.02200000174343586,0.03299999609589577,78.25286865234375,5655.8173828125,114276.53125,0.02126905508339405,0.0,3.1392715754918754e-05,1467.6058349609375,0.0,0.231320321559906,0.0191325880587101,0.0,0.0,34.8390007019043,0.0,0.0,1600.0,0.0,50.0,0.0,0.0,0.0,50.0,50.0,200.0,1.0,1.0,1.0000001192092896,0.0
1110.0,155.41615295410156,309.974365234375,327.80792236328125,327.8070373535156,292.14111328125,292.1419982910156,16515.818359375,33031.63671875,66.97401428222656,66.97405242919922,1915.8577880859375,3831.611572265625,1915.844970703125,3831.5859375,288.46319580078125,59.02690887451172,2.476015197316883e-06,0.0,0.0,2582.9228515625,1290.1312255859375,0.0,34.862281799316406,2906.591552734375,11.8367919921875,11.836837768554688,971.0772094726562,1942.0587158203125,49.999969482421875,49.99995803833008,100.0,0.0,0.0,344.94927978515625,0.0,7.924896240234375,17.1413516998291,17.14223289489746,0.0,1.034000039100647,0.9067617654800415,50.0,0.09999999403953552,2.290827751159668,0.0,0.0,0.0,0.0,24.057898207564286,0.0,0.0,-0.0,0.0029792163986712694,-0.002979721175506711,0.0,-5.046604201197624e-07,100.40042877197266,100.40039825439453,790.7919311523438,790.7919311523438,790.7919311523438,550.3831176757812,0.0,0.0,34.862281799316406,0.0010999999940395355,0.02200000174343586,0.03299999609589577,78.25286865234375,5655.8173828125,114276.53125,0.02126905508339405,0.0,3.1392715754918754e-05,1480.9407958984375,0.0,0.231320321559906,0.0191325880587101,0.0,0.0,34.8390007019043,0.0,0.0,1600.0,0.0,50.0,0.0,0.0,0.0,50.0,50.0,200.0,1.0,1.0,1.0000001192092896,0.0
1120.0,155.41917419433594,309.974365234375,327.80792236328125,327.8070373535156,292.14111328125,292.1419982910156,16515.818359375,33031.63671875,66.97401428222656,66.97405242919922,1915.8577880859375,3831.611572265625,1915.844970703125,3831.5859375,288.4627380371094,59.025753021240234,-3.941011527786031e-06,0.0,0.0,2582.9140625,1290.131103515625,0.0,34.865299224853516,2906.591552734375,11.8367919921875,11.836837768554688,971.0772094726562,1942.0587158203125,49.999969482421875,49.99995803833008,100.0,0.0,0.0,344.9508361816406,0.0,7.924896240234375,17.14291000366211,17.1437931060791,0.0,1.034000039100647,0.9067617654800415,50.0,0.09999999403953552,2.290827751159668,0.0,0.0,0.0,0.0,23.190252287686388,0.0,0.0,-0.0,0.0029792163986712694,-0.002979721175506711,0.0,-5.046604201197624e-07,100.40042877197266,100.40039825439453,790.7919311523438,790.7919311523438,790.7919311523438,550.3831176757812,0.0,0.0,34.865299224853516,0.0010999999940395355,0.02200000174343586,0.03299999609589577,78.25286865234375,5655.8173828125,114276.53125,0.02126905508339405,0.0,3.1392715754918754e-05,1494.2757568359375,0.0,0.231320321559906,0.0191325880587101,0.0,0.0,34.8390007019043,0.0,0.0,1600.0,0.0,50.0,0.0,0.0,0.0,50.0,50.0,200.0,1.0,1.0,1.0000001192092896,0.0
1130.0,155.42221069335938,309.9743347167969,327.8078918457031,327.8070068359375,292.1410827636719,292.1419677734375,16515.818359375,33031.63671875,66.9739761352539,66.97401428222656,1915.8583984375,3831.6123046875,1915.844970703125,3831.5859375,288.4623718261719,59.024776458740234,-4.334542609285563e-06,0.0,0.0,2582.9052734375,1290.1307373046875,0.0,34.86632537841797,2906.6064453125,11.836796760559082,11.836843490600586,971.0772094726562,1942.0587158203125,49.99991989135742,49.99992370605469,100.0,0.0,0.0,344.9523620605469,0.0,7.924896240234375,17.14447021484375,17.14535140991211,0.0,1.034000039100647,0.9067617654800415,50.0,0.09999999403953552,2.290815830230713,0.0,0.0,0.0,0.0,22.322606367808493,0.0,0.0,-0.0,0.00298315635882318,-0.0029835663735866547,0.0,-4.100147634744644e-07,100.40094757080078,100.40091705322266,790.7943725585938,790.7943725585938,790.7943725585938,550.3843383789062,0.0,0.0,34.86632537841797,0.0010999999940395355,0.02200000174343586,0.03299999609589577,78.25286865234375,5655.8173828125,114276.53125,0.02126905508339405,0.0,3.1392715754918754e-05,1507.6107177734375,0.0,0.231320321559906,0.0191325880587101,0.0,0.0,34.8390007019043,0.0,0.0,1600.0,0.0,50.0,0.0,0.0,0.0,50.0,50.0,200.0,1.0,1.0,1.0000001192092896,0.0
1140.0,155.42523193359375,309.9743347167969,327.8078918457031,327.8070068359375,292.1410827636719,292.1419677734375,16515.818359375,33031.63671875,66.9739761352539,66.97401428222656,1915.8575439453125,3831.611572265625,1915.844970703125,3831.5859375,288.4620361328125,59.02398681640625,2.4398307232331717e-06,0.0,0.0,2582.896240234375,1290.130615234375,0.0,34.86793518066406,2906.6064453125,11.836798667907715,11.836844444274902,971.0772094726562,1942.0587158203125,49.99994659423828,49.999935150146484,100.0,0.0,0.0,344.95391845703125,0.0,7.924896240234375,17.14603042602539,17.14691162109375,0.0,1.034000039100647,0.9067617654800415,50.0,0.09999999403953552,2.290815830230713,0.0,0.0,0.0,0.0,21.4549604479306,0.0,0.0,-0.0,0.00298315635882318,-0.0029835663735866547,0.0,-4.100147634744644e-07,100.40094757080078,100.40091705322266,790.7943725585938,790.7943725585938,790.7943725585938,550.3843383789062,0.0,0.0,34.86793518066406,0.0010999999940395355,0.02200000174343586,0.03299999609589577,78.25286865234375,5655.8173828125,114276.53125,0.02126905508339405,0.0,3.1392715754918754e-05,1520.9456787109375,0.0,0.231320321559906,0.0191325880587101,0.0,0.0,34.8390007019043,0.0,0.0,1600.0,0.0,50.0,0.0,0.0,0.0,50.0,50.0,200.0,1.0,1.0,1.0000001192092896,0.0
1150.0,155.42816162109375,309.9743347167969,327.8078918457031,327.8070068359375,292.1410827636719,292.1419677734375,16515.818359375,33031.63671875,66.9739761352539,66.97401428222656,1915.8575439453125,3831.611572265625,1915.844970703125,3831.5859375,288.46173095703125,59.02323913574219,5.073394277133048e-06,0.0,0.0,2582.887451171875,1290.13037109375,0.0,34.870750427246094,2906.6064453125,11.836798667907715,11.836844444274902,971.0772094726562,1942.0587158203125,49.99994659423828,49.999935150146484,100.0,0.0,0.0,344.9554443359375,0.0,7.924896240234375,17.14755630493164,17.1484375,0.0,1.034000039100647,0.9067617654800415,50.0,0.09999999403953552,2.290815830230713,0.0,0.0,0.0,0.0,20.611414518254172,0.0,0.0,-0.0,0.00298315635882318,-0.0029835663735866547,0.0,-4.100147634744644e-07,100.40094757080078,100.40091705322266,790.7943725585938,790.7943725585938,790.7943725585938,550.3843383789062,0.0,0.0,34.870750427246094,0.0010999999940395355,0.02200000174343586,0.03299999609589577,78.25286865234375,5655.8173828125,114276.53125,0.02126905508339405,0.0,3.1392715754918754e-05,1534.2806396484375,0.0,0.231320321559906,0.0191325880587101,0.0,0.0,34.8390007019043,0.0,0.0,1600.0,0.0,50.0,0.0,0.0,0.0,50.0,50.0,200.0,1.0,1.0,1.0000001192092896,0.0
1160.0,155.4308624267578,309.9743347167969,327.8078918457031,327.8070068359375,292.1410827636719,292.1419677734375,16515.818359375,33031.63671875,66.9739761352539,66.97401428222656,1915.8575439453125,3831.611572265625,1915.844970703125,3831.5859375,288.46142578125,59.0224609375,3.1293207030103076e-06,0.0,0.0,2582.8798828125,1290.1302490234375,0.0,34.873661041259766,2906.6064453125,11.836798667907715,11.836844444274902,971.0772094726562,1942.0587158203125,49.99994659423828,49.999935150146484,100.0,0.0,0.0,344.9568176269531,0.0,7.924896240234375,17.14891242980957,17.14979362487793,0.0,1.034000039100647,0.9067617654800415,50.0,0.09999999403953552,2.290815830230713,0.0,0.0,0.0,0.0,19.840174594741935,0.0,0.0,-0.0,0.00298315635882318,-0.0029835663735866547,0.0,-4.100147634744644e-07,100.40094757080078,100.40091705322266,790.7943725585938,790.7943725585938,790.7943725585938,550.3843383789062,0.0,0.0,34.873661041259766,0.0010999999940395355,0.02200000174343586,0.03299999609589577,78.25286865234375,5655.8173828125,114276.53125,0.02126905508339405,0.0,3.1392715754918754e-05,1547.6156005859375,0.0,0.231320321559906,0.0191325880587101,0.0,0.0,34.8390007019043,0.0,0.0,1600.0,0.0,50.0,0.0,0.0,0.0,50.0,50.0,200.0,1.0,1.0,1.0000001192092896,0.0
1170.0,155.4335479736328,309.9743347167969,327.8078918457031,327.8070068359375,292.1410827636719,292.1419677734375,16515.818359375,33031.63671875,66.9739761352539,66.97401428222656,1915.8575439453125,3831.611572265625,1915.844970703125,3831.5859375,288.4611511230469,59.02174758911133,4.776651394422515e-07,0.0,0.0,2582.87158203125,1290.130126953125,0.0,34.87638473510742,2906.6064453125,11.836798667907715,11.836844444274902,971.0772094726562,1942.0587158203125,49.99994659423828,49.999935150146484,100.0,0.0,0.0,344.95819091796875,0.0,7.924896240234375,17.15030288696289,17.15118408203125,0.0,1.034000039100647,0.9067617654800415,50.0,0.09999999403953552,2.290815830230713,0.0,0.0,0.0,0.0,19.06893265937644,0.0,0.0,-0.0,0.00298315635882318,-0.0029835663735866547,0.0,-4.100147634744644e-07,100.40094757080078,100.40091705322266,790.7943725585938,790.7943725585938,790.7943725585938,550.3843383789062,0.0,0.0,34.87638473510742,0.0010999999940395355,0.02200000174343586,0.03299999609589577,78.25286865234375,5655.8173828125,114276.53125,0.02126905508339405,0.0,3.1392715754918754e-05,1560.9505615234375,0.0,0.231320321559906,0.0191325880587101,0.0,0.0,34.8390007019043,0.0,0.0,1600.0,0.0,50.0,0.0,0.0,0.0,50.0,50.0,200.0,1.0,1.0,1.0000001192092896,0.0
1180.0,155.43614196777344,309.9743347167969,327.8078918457031,327.8070068359375,292.1410827636719,292.1419677734375,16515.818359375,33031.63671875,66.9739761352539,66.97401428222656,1915.8575439453125,3831.611572265625,1915.844970703125,3831.5859375,288.46087646484375,59.021060943603516,1.8314416365683428e-06,0.0,0.0,2582.864013671875,1290.1300048828125,0.0,34.88163757324219,2906.6064453125,11.836798667907715,11.836844444274902,971.0772094726562,1942.0587158203125,49.99994659423828,49.999935150146484,100.0,0.0,0.0,344.9595642089844,0.0,7.924896240234375,17.15165901184082,17.15254020690918,0.0,1.034000039100647,0.9067617654800415,50.0,0.09999999403953552,2.290815830230713,0.0,0.0,0.0,0.0,18.321792726065674,0.0,0.0,-0.0,0.00298315635882318,-0.0029835663735866547,0.0,-4.100147634744644e-07,100.40094757080078,100.40091705322266,790.7943725585938,790.7943725585938,790.7943725585938,550.3843383789062,0.0,0.0,34.88163757324219,0.0010999999940395355,0.02200000174343586,0.03299999609589577,78.25286865234375,5655.8173828125,114276.53125,0.02126905508339405,0.0,3.1392715754918754e-05,1574.2855224609375,0.0,0.231320321559906,0.0191325880587101,0.0,0.0,34.8390007019043,0.0,0.0,1600.0,0.0,50.0,0.0,0.0,0.0,50.0,50.0,200.0,1.0,1.0,1.0000001192092896,0.0
1190.0,155.43850708007812,309.9743347167969,327.8078918457031,327.8070068359375,292.1410827636719,292.1419677734375,16515.818359375,33031.63671875,66.9739761352539,66.97401428222656,1915.8575439453125,3831.611572265625,1915.844970703125,3831.5859375,288.4606018066406,59.02033996582031,-1.9646231521619484e-06,0.0,0.0,2582.857177734375,1290.1298828125,0.0,34.87895584106445,2906.6064453125,11.836798667907715,11.836844444274902,971.0772094726562,1942.0587158203125,49.99994659423828,49.999935150146484,100.0,0.0,0.0,344.96075439453125,0.0,7.924896240234375,17.15284538269043,17.153728485107422,0.0,1.034000039100647,0.9067617654800415,50.0,0.09999999403953552,2.290815830230713,0.0,0.0,0.0,0.0,17.646956787065836,0.0,0.0,-0.0,0.00298315635882318,-0.0029835663735866547,0.0,-4.100147634744644e-07,100.40094757080078,100.40091705322266,790.7943725585938,790.7943725585938,790.7943725585938,550.3843383789062,0.0,0.0,34.87895584106445,0.0010999999940395355,0.02200000174343586,0.03299999609589577,78.25286865234375,5655.8173828125,114276.53125,0.02126905508339405,0.0,3.1392715754918754e-05,1587.6204833984375,0.0,0.231320321559906,0.0191325880587101,0.0,0.0,34.8390007019043,0.0,0.0,1600.0,0.0,50.0,0.0,0.0,0.0,50.0,50.0,200.0,1.0,1.0,1.0000001192092896,0.0
1200.0,155.44085693359375,309.9743347167969,327.8078918457031,327.8070068359375,292.1410827636719,292.1419677734375,16515.818359375,33031.63671875,66.9739761352539,66.97401428222656,1915.8575439453125,3831.611572265625,1915.844970703125,3831.5859375,288.4603271484375,59.01967239379883,2.250176294182893e-06,0.0,0.0,2582.850341796875,1290.1297607421875,0.0,34.8828010559082,2906.6064453125,11.836798667907715,11.836844444274902,971.0772094726562,1942.0587158203125,49.99994659423828,49.999935150146484,100.0,0.0,0.0,344.96197509765625,0.0,7.924896240234375,17.15406608581543,17.154949188232422,0.0,1.034000039100647,0.9067617654800415,50.0,0.09999999403953552,2.290815830230713,0.0,0.0,0.0,0.0,16.972120848066,0.0,0.0,-0.0,0.00298315635882318,-0.0029835663735866547,0.0,-4.100147634744644e-07,100.40094757080078,100.40091705322266,790.7943725585938,790.7943725585938,790.7943725585938,550.3843383789062,0.0,0.0,34.8828010559082,0.0010999999940395355,0.02200000174343586,0.03299999609589577,78.25286865234375,5655.8173828125,114276.53125,0.02126905508339405,0.0,3.1392715754918754e-05,1600.9554443359375,0.0,0.231320321559906,0.0191325880587101,0.0,0.0,34.8390007019043,0.0,0.0,1600.0,0.0,50.0,0.0,0.0,0.0,50.0,50.0,200.0,1.0,1.0,1.0000001192092896,0.0
1210.0,155.44322204589844,309.9743347167969,327.8078918457031,327.8070068359375,292.1410827636719,292.1419677734375,16515.818359375,33031.63671875,66.9739761352539,66.97401428222656,1915.8575439453125,3831.611572265625,1915.844970703125,3831.5859375,288.4600524902344,59.0190544128418,3.4685754144447856e-06,0.0,0.0,2582.84326171875,1290.1295166015625,0.0,34.88514709472656,2906.6064453125,11.836798667907715,11.836844444274902,971.0772094726562,1942.0587158203125,49.99994659423828,49.999935150146484,100.0,0.0,0.0,344.9631652832031,0.0,7.924896240234375,17.155254364013672,17.15613555908203,0.0,1.034000039100647,0.9067617654800415,50.0,0.09999999403953552,2.290815830230713,0.0,0.0,0.0,0.0,16.297285914992795,0.0,0.0,-0.0,0.00298315635882318,-0.0029835663735866547,0.0,-4.100147634744644e-07,100.40094757080078,100.40091705322266,790.7943725585938,790.7943725585938,790.7943725585938,550.3843383789062,0.0,0.0,34.88514709472656,0.0010999999940395355,0.02200000174343586,0.03299999609589577,78.25286865234375,5655.8173828125,114276.53125,0.02126905508339405,0.0,3.1392715754918754e-05,1614.2904052734375,0.0,0.231320321559906,0.0191325880587101,0.0,0.0,34.8390007019043,0.0,0.0,1600.0,0.0,50.0,0.0,0.0,0.0,50.0,50.0,200.0,1.0,1.0,1.0000001192092896,0.0
1220.0,155.44529724121094,309.9743347167969,327.8078918457031,327.8070068359375,292.1410827636719,292.1419677734375,16515.818359375,33031.63671875,66.9739761352539,66.97401428222656,1915.8575439453125,3831.611572265625,1915.844970703125,3831.5859375,288.4598083496094,59.01839828491211,-1.0350718184781726e-06,0.0,0.0,2582.837158203125,1290.12939453125,0.0,34.888946533203125,2906.6064453125,11.836798667907715,11.836844444274902,971.0772094726562,1942.0587158203125,49.99994659423828,49.999935150146484,100.0,0.0,0.0,344.9642333984375,0.0,7.924896240234375,17.15633773803711,17.1572208404541,0.0,1.034000039100647,0.9067617654800415,50.0,0.09999999403953552,2.290815830230713,0.0,0.0,0.0,0.0,15.694753970303887,0.0,0.0,-0.0,0.00298315635882318,-0.0029835663735866547,0.0,-4.100147634744644e-07,100.40094757080078,100.40091705322266,790.7943725585938,790.7943725585938,790.7943725585938,550.3843383789062,0.0,0.0,34.888946533203125,0.0010999999940395355,0.02200000174343586,0.03299999609589577,78.25286865234375,5655.8173828125,114276.53125,0.02126905508339405,0.0,3.1392715754918754e-05,1627.6253662109375,0.0,0.231320321559906,0.0191325880587101,0.0,0.0,34.8390007019043,0.0,0.0,1600.0,0.0,50.0,0.0,0.0,0.0,50.0,50.0,200.0,1.0,1.0,1.0000001192092896,0.0
1230.0,155.44732666015625,309.9743347167969,327.8078918457031,327.8070068359375,292.1410827636719,292.1419677734375,16515.818359375,33031.63671875,66.9739761352539,66.97401428222656,1915.8575439453125,3831.611572265625,1915.844970703125,3831.5859375,288.4595642089844,59.01776123046875,-2.6776958748087054e-06,0.0,0.0,2582.8310546875,1290.1292724609375,0.0,34.891361236572266,2906.6064453125,11.836798667907715,11.836844444274902,971.0772094726562,1942.0587158203125,49.99994659423828,49.999935150146484,100.0,0.0,0.0,344.9653015136719,0.0,7.924896240234375,17.157390594482422,17.15827178955078,0.0,1.034000039100647,0.9067617654800415,50.0,0.09999999403953552,2.290815830230713,0.0,0.0,0.0,0.0,15.11632302174308,0.0,0.0,-0.0,0.00298315635882318,-0.0029835663735866547,0.0,-4.100147634744644e-07,100.40094757080078,100.40091705322266,790.7943725585938,790.7943725585938,790.7943725585938,550.3843383789062,0.0,0.0,34.891361236572266,0.0010999999940395355,0.02200000174343586,0.03299999609589577,78.25286865234375,5655.8173828125,114276.53125,0.02126905508339405,0.0,3.1392715754918754e-05,1640.9603271484375,0.0,0.231320321559906,0.0191325880587101,0.0,0.0,34.8390007019043,0.0,0.0,1600.0,0.0,50.0,0.0,0.0,0.0,50.0,50.0,200.0,1.0,1.0,1.0000001192092896,0.0
1240.0,155.4493408203125,309.97430419921875,327.8078918457031,327.8070068359375,292.14105224609375,292.1419372558594,16515.818359375,33031.63671875,66.9739761352539,66.97401428222656,1915.8575439453125,3831.611572265625,1915.844970703125,3831.5859375,288.4593200683594,59.01716232299805,1.4017260809850995e-06,0.0,0.0,2582.8251953125,1290.1290283203125,0.0,34.890892028808594,2906.6064453125,11.836798667907715,11.836844444274902,971.0772094726562,1942.0587158203125,49.99994659423828,49.999935150146484,100.0,0.0,0.0,344.96630859375,0.0,7.924896240234375,17.15840721130371,17.15928840637207,0.0,1.034000039100647,0.9067617654800415,50.0,0.09999999403953552,2.290815830230713,0.0,0.0,0.0,0.0,14.537892073182272,0.0,0.0,-0.0,0.0029870958533138037,-0.0029835663735866547,0.0,3.5294797271490097e-06,100.40094757080078,100.40091705322266,790.7943725585938,790.7943725585938,790.7943725585938,550.3843383789062,0.0,0.0,34.890892028808594,0.0010999999940395355,0.02200000174343586,0.03299999609589577,78.25286865234375,5655.8173828125,114276.53125,0.02126905508339405,0.0,3.1392715754918754e-05,1654.2952880859375,0.0,0.231320321559906,0.0191325880587101,0.0,0.0,34.8390007019043,0.0,0.0,1600.0,0.0,50.0,0.0,0.0,0.0,50.0,50.0,200.0,1.0,1.0,1.0000001192092896,0.0
1250.0,155.45135498046875,309.97430419921875,327.807861328125,327.8069763183594,292.14105224609375,292.1419372558594,16515.818359375,33031.63671875,66.97394561767578,66.97398376464844,1915.858154296875,3831.61181640625,1915.844970703125,3831.5859375,288.45916748046875,59.01675796508789,3.358401272635092e-06,0.0,0.0,2582.819580078125,1290.12890625,0.0,34.89111328125,2906.62255859375,11.836804389953613,11.836851119995117,971.0772094726562,1942.0587158203125,49.99990463256836,49.999908447265625,100.0,0.0,0.0,344.96734619140625,0.0,7.924896240234375,17.15949249267578,17.16037368774414,0.0,1.034000039100647,0.9067617654800415,50.0,0.09999999403953552,2.2908034324645996,0.0,0.0,0.0,0.0,13.959461124621466,0.0,0.0,-0.0,0.0029870958533138037,-0.0029876253101974726,0.0,-5.294568836688995e-07,100.40148162841797,100.4014663696289,790.7969360351562,790.7969360351562,790.7969360351562,550.3856201171875,0.0,0.0,34.89111328125,0.0010999999940395355,0.02200000174343586,0.03299999609589577,78.25286865234375,5655.8173828125,114276.53125,0.02126905508339405,0.0,3.1392715754918754e-05,1667.6302490234375,0.0,0.231320321559906,0.0191325880587101,0.0,0.0,34.8390007019043,0.0,0.0,1600.0,0.0,50.0,0.0,0.0,0.0,50.0,50.0,200.0,1.0,1.0,1.0000001192092896,0.0
1260.0,155.45338439941406,309.97430419921875,327.807861328125,327.8069763183594,292.14105224609375,292.1419372558594,16515.818359375,33031.63671875,66.97394561767578,66.97398376464844,1915.8575439453125,3831.611083984375,1915.844970703125,3831.5859375,288.4590759277344,59.01650619506836,-3.1019212656246964e-06,0.0,0.0,2582.813232421875,1290.128662109375,0.0,34.89209747314453,2906.62255859375,11.836806297302246,11.836852073669434,971.0772094726562,1942.0587158203125,49.99991989135742,49.99992370605469,100.0,0.0,0.0,344.9683837890625,0.0,7.924896240234375,17.16050910949707,17.16139030456543,0.0,1.034000039100647,0.9067617654800415,50.0,0.09999999403953552,2.2908034324645996,0.0,0.0,0.0,0.0,13.38103118198729,0.0,0.0,-0.0,0.0029870958533138037,-0.0029876253101974726,0.0,-5.294568836688995e-07,100.40148162841797,100.4014663696289,790.7969360351562,790.7969360351562,790.7969360351562,550.3856201171875,0.0,0.0,34.89209747314453,0.0010999999940395355,0.02200000174343586,0.03299999609589577,78.25286865234375,5655.8173828125,114276.53125,0.02126905508339405,0.0,3.1392715754918754e-05,1680.9652099609375,0.0,0.231320321559906,0.0191325880587101,0.0,0.0,34.8390007019043,0.0,0.0,1600.0,0.0,50.0,0.0,0.0,0.0,50.0,50.0,200.0,1.0,1.0,1.0000001192092896,0.0
1270.0,155.4553985595703,309.97430419921875,327.807861328125,327.8069763183594,292.14105224609375,292.1419372558594,16515.818359375,33031.63671875,66.97394561767578,66.97398376464844,1915.8575439453125,3831.611083984375,1915.844970703125,3831.5859375,288.458984375,59.01628875732422,-4.412401722220238e-06,0.0,0.0,2582.807373046875,1290.1285400390625,0.0,34.89158248901367,2906.62255859375,11.836806297302246,11.836852073669434,971.0772094726562,1942.0587158203125,49.99991989135742,49.99992370605469,100.0,0.0,0.0,344.96942138671875,0.0,7.924896240234375,17.16156005859375,17.16244125366211,0.0,1.034000039100647,0.9067617654800415,50.0,0.09999999403953552,2.2908034324645996,0.0,0.0,0.0,0.0,12.802600233426482,0.0,0.0,-0.0,0.0029870958533138037,-0.0029876253101974726,0.0,-5.294568836688995e-07,100.40148162841797,100.4014663696289,790.7969360351562,790.7969360351562,790.7969360351562,550.3856201171875,0.0,0.0,34.89158248901367,0.0010999999940395355,0.02200000174343586,0.03299999609589577,78.25286865234375,5655.8173828125,114276.53125,0.02126905508339405,0.0,3.1392715754918754e-05,1694.3001708984375,0.0,0.231320321559906,0.0191325880587101,0.0,0.0,34.8390007019043,0.0,0.0,1600.0,0.0,50.0,0.0,0.0,0.0,50.0,50.0,200.0,1.0,1.0,1.0000001192092896,0.0
1280.0,155.457275390625,309.97430419921875,327.807861328125,327.8069763183594,292.14105224609375,292.1419372558594,16515.818359375,33031.63671875,66.97394561767578,66.97398376464844,1915.8575439453125,3831.611083984375,1915.844970703125,3831.5859375,288.4588623046875,59.01605987548828,2.9955640457046684e-06,0.0,0.0,2582.802001953125,1290.12841796875,0.0,34.89241409301758,2906.62255859375,11.836806297302246,11.836852073669434,971.0772094726562,1942.0587158203125,49.99991989135742,49.99992370605469,100.0,0.0,0.0,344.9703674316406,0.0,7.924896240234375,17.16250991821289,17.16339111328125,0.0,1.034000039100647,0.9067617654800415,50.0,0.09999999403953552,2.2908034324645996,0.0,0.0,0.0,0.0,12.262731482226613,0.0,0.0,-0.0,0.0029870958533138037,-0.0029876253101974726,0.0,-5.294568836688995e-07,100.40148162841797,100.4014663696289,790.7969360351562,790.7969360351562,790.7969360351562,550.3856201171875,0.0,0.0,34.89241409301758,0.0010999999940395355,0.02200000174343586,0.03299999609589577,78.25286865234375,5655.8173828125,114276.53125,0.02126905508339405,0.0,3.1392715754918754e-05,1707.6351318359375,0.0,0.231320321559906,0.0191325880587101,0.0,0.0,34.8390007019043,0.0,0.0,1600.0,0.0,50.0,0.0,0.0,0.0,50.0,50.0,200.0,1.0,1.0,1.0000001192092896,0.0
1290.0,155.45895385742188,309.97430419921875,327.807861328125,327.8069763183594,292.14105224609375,292.1419372558594,16515.818359375,33031.63671875,66.97394561767578,66.97398376464844,1915.8575439453125,3831.611083984375,1915.844970703125,3831.5859375,288.45880126953125,59.015804290771484,-4.036962764075724e-06,0.0,0.0,2582.796875,1290.12841796875,0.0,34.89337158203125,2906.62255859375,11.836806297302246,11.836852073669434,971.0772094726562,1942.0587158203125,49.99991989135742,49.99992370605469,100.0,0.0,0.0,344.97125244140625,0.0,7.924896240234375,17.16339111328125,17.16427230834961,0.0,1.034000039100647,0.9067617654800415,50.0,0.09999999403953552,2.2908034324645996,0.0,0.0,0.0,0.0,11.780705524104835,0.0,0.0,-0.0,0.0029870958533138037,-0.0029876253101974726,0.0,-5.294568836688995e-07,100.40148162841797,100.4014663696289,790.7969360351562,790.7969360351562,790.7969360351562,550.3856201171875,0.0,0.0,34.89337158203125,0.0010999999940395355,0.02200000174343586,0.03299999609589577,78.25286865234375,5655.8173828125,114276.53125,0.02126905508339405,0.0,3.1392715754918754e-05,1720.9700927734375,0.0,0.231320321559906,0.0191325880587101,0.0,0.0,34.8390007019043,0.0,0.0,1600.0,0.0,50.0,0.0,0.0,0.0,50.0,50.0,200.0,1.0,1.0,1.0000001192092896,0.0
1300.0,155.46063232421875,309.97430419921875,327.807861328125,327.8069763183594,292.14105224609375,292.1419372558594,16515.818359375,33031.63671875,66.97394561767578,66.97398376464844,1915.8575439453125,3831.611083984375,1915.844970703125,3831.5859375,288.45867919921875,59.01557922363281,3.943207502743462e-06,0.0,0.0,2582.7919921875,1290.1282958984375,0.0,34.891517639160156,2906.62255859375,11.836806297302246,11.836852073669434,971.0772094726562,1942.0587158203125,49.99991989135742,49.99992370605469,100.0,0.0,0.0,344.97210693359375,0.0,7.924896240234375,17.16423988342285,17.16512107849121,0.0,1.034000039100647,0.9067617654800415,50.0,0.09999999403953552,2.2908034324645996,0.0,0.0,0.0,0.0,11.298680571909687,0.0,0.0,-0.0,0.0029870958533138037,-0.0029876253101974726,0.0,-5.294568836688995e-07,100.40148162841797,100.4014663696289,790.7969360351562,790.7969360351562,790.7969360351562,550.3856201171875,0.0,0.0,34.891517639160156,0.0010999999940395355,0.02200000174343586,0.03299999609589577,78.25286865234375,5655.8173828125,114276.53125,0.02126905508339405,0.0,3.1392715754918754e-05,1734.3050537109375,0.0,0.231320321559906,0.0191325880587101,0.0,0.0,34.8390007019043,0.0,0.0,1600.0,0.0,50.0,0.0,0.0,0.0,50.0,50.0,200.0,1.0,1.0,1.0000001192092896,0.0
1310.0,155.4623260498047,309.97430419921875,327.807861328125,327.8069763183594,292.14105224609375,292.1419372558594,16515.818359375,33031.63671875,66.97394561767578,66.97398376464844,1915.8575439453125,3831.611083984375,1915.844970703125,3831.5859375,288.4586181640625,59.01538848876953,-3.79690163754276e-06,0.0,0.0,2582.787109375,1290.128173828125,0.0,34.89493942260742,2906.62255859375,11.836806297302246,11.836852073669434,971.0772094726562,1942.0587158203125,49.99991989135742,49.99992370605469,100.0,0.0,0.0,344.97296142578125,0.0,7.924896240234375,17.16508674621582,17.16596794128418,0.0,1.034000039100647,0.9067617654800415,50.0,0.09999999403953552,2.2908034324645996,0.0,0.0,0.0,0.0,10.81665461378791,0.0,0.0,-0.0,0.0029870958533138037,-0.0029876253101974726,0.0,-5.294568836688995e-07,100.40148162841797,100.4014663696289,790.7969360351562,790.7969360351562,790.7969360351562,550.3856201171875,0.0,0.0,34.89493942260742,0.0010999999940395355,0.02200000174343586,0.03299999609589577,78.25286865234375,5655.8173828125,114276.53125,0.02126905508339405,0.0,3.1392715754918754e-05,1747.6400146484375,0.0,0.231320321559906,0.0191325880587101,0.0,0.0,34.8390007019043,0.0,0.0,1600.0,0.0,50.0,0.0,0.0,0.0,50.0,50.0,200.0,1.0,1.0,1.0000001192092896,0.0
1320.0,155.46400451660156,309.97430419921875,327.807861328125,327.8069763183594,292.14105224609375,292.1419372558594,16515.818359375,33031.63671875,66.97394561767578,66.97398376464844,1915.8575439453125,3831.611083984375,1915.844970703125,3831.5859375,288.45855712890625,59.015228271484375,3.4756869808916235e-06,0.0,0.0,2582.7822265625,1290.128173828125,0.0,34.895565032958984,2906.62255859375,11.836806297302246,11.836852073669434,971.0772094726562,1942.0587158203125,49.99991989135742,49.99992370605469,100.0,0.0,0.0,344.9738464355469,0.0,7.924896240234375,17.16596794128418,17.166851043701172,0.0,1.034000039100647,0.9067617654800415,50.0,0.09999999403953552,2.2908034324645996,0.0,0.0,0.0,0.0,10.334628655666132,0.0,0.0,-0.0,0.0029870958533138037,-0.0029876253101974726,0.0,-5.294568836688995e-07,100.40148162841797,100.4014663696289,790.7969360351562,790.7969360351562,790.7969360351562,550.3856201171875,0.0,0.0,34.895565032958984,0.0010999999940395355,0.02200000174343586,0.03299999609589577,78.25286865234375,5655.8173828125,114276.53125,0.02126905508339405,0.0,3.1392715754918754e-05,1760.9749755859375,0.0,0.231320321559906,0.0191325880587101,0.0,0.0,34.8390007019043,0.0,0.0,1600.0,0.0,50.0,0.0,0.0,0.0,50.0,50.0,200.0,1.0,1.0,1.0000001192092896,0.0
1330.0,155.46542358398438,309.97430419921875,327.807861328125,327.8069763183594,292.14105224609375,292.1419372558594,16515.818359375,33031.63671875,66.97394561767578,66.97398376464844,1915.8575439453125,3831.611083984375,1915.844970703125,3831.5859375,288.4584655761719,59.015010833740234,2.1652060695487307e-06,0.0,0.0,2582.77783203125,1290.1280517578125,0.0,34.894981384277344,2906.62255859375,11.836806297302246,11.836852073669434,971.0772094726562,1942.0587158203125,49.99991989135742,49.99992370605469,100.0,0.0,0.0,344.9745788574219,0.0,7.924896240234375,17.16671371459961,17.1675968170166,0.0,1.034000039100647,0.9067617654800415,50.0,0.09999999403953552,2.2908034324645996,0.0,0.0,0.0,0.0,9.924906691855284,0.0,0.0,-0.0,0.0029870958533138037,-0.0029876253101974726,0.0,-5.294568836688995e-07,100.40148162841797,100.4014663696289,790.7969360351562,790.7969360351562,790.7969360351562,550.3856201171875,0.0,0.0,34.894981384277344,0.0010999999940395355,0.02200000174343586,0.03299999609589577,78.25286865234375,5655.8173828125,114276.53125,0.02126905508339405,0.0,3.1392715754918754e-05,1774.3099365234375,0.0,0.231320321559906,0.0191325880587101,0.0,0.0,34.8390007019043,0.0,0.0,1600.0,0.0,50.0,0.0,0.0,0.0,50.0,50.0,200.0,1.0,1.0,1.0000001192092896,0.0
1340.0,155.46676635742188,309.97430419921875,327.807861328125,327.8069763183594,292.14105224609375,292.1419372558594,16515.818359375,33031.63671875,66.97394561767578,66.97398376464844,1915.8575439453125,3831.611083984375,1915.844970703125,3831.5859375,288.4583740234375,59.01480484008789,2.571338882262353e-06,0.0,0.0,2582.77392578125,1290.1280517578125,0.0,34.89578628540039,2906.62255859375,11.836806297302246,11.836852073669434,971.0772094726562,1942.0587158203125,49.99991989135742,49.99992370605469,100.0,0.0,0.0,344.9752502441406,0.0,7.924896240234375,17.16739273071289,17.16827392578125,0.0,1.034000039100647,0.9067617654800415,50.0,0.09999999403953552,2.2908034324645996,0.0,0.0,0.0,0.0,9.539286730099166,0.0,0.0,-0.0,0.0029870958533138037,-0.0029876253101974726,0.0,-5.294568836688995e-07,100.40148162841797,100.4014663696289,790.7969360351562,790.7969360351562,790.7969360351562,550.3856201171875,0.0,0.0,34.89578628540039,0.0010999999940395355,0.02200000174343586,0.03299999609589577,78.25286865234375,5655.8173828125,114276.53125,0.02126905508339405,0.0,3.1392715754918754e-05,1787.6448974609375,0.0,0.231320321559906,0.0191325880587101,0.0,0.0,34.8390007019043,0.0,0.0,1600.0,0.0,50.0,0.0,0.0,0.0,50.0,50.0,200.0,1.0,1.0,1.0000001192092896,0.0
1350.0,155.46810913085938,309.97430419921875,327.807861328125,327.8069763183594,292.14105224609375,292.1419372558594,16515.818359375,33031.63671875,66.97394561767578,66.97398376464844,1915.8575439453125,3831.611083984375,1915.844970703125,3831.5859375,288.4582824707031,59.01461410522461,5.266290372674121e-06,0.0,0.0,2582.77001953125,1290.1279296875,0.0,34.897865295410156,2906.62255859375,11.836806297302246,11.836852073669434,971.0772094726562,1942.0587158203125,49.99991989135742,49.99992370605469,100.0,0.0,0.0,344.9759216308594,0.0,7.924896240234375,17.168071746826172,17.16895294189453,0.0,1.034000039100647,0.9067617654800415,50.0,0.09999999403953552,2.2908034324645996,0.0,0.0,0.0,0.0,9.153665762416418,0.0,0.0,-0.0,0.0029870958533138037,-0.0029876253101974726,0.0,-5.294568836688995e-07,100.40148162841797,100.4014663696289,790.7969360351562,790.7969360351562,790.7969360351562,550.3856201171875,0.0,0.0,34.897865295410156,0.0010999999940395355,0.02200000174343586,0.03299999609589577,78.25286865234375,5655.8173828125,114276.53125,0.02126905508339405,0.0,3.1392715754918754e-05,1800.9798583984375,0.0,0.231320321559906,0.0191325880587101,0.0,0.0,34.8390007019043,0.0,0.0,1600.0,0.0,50.0,0.0,0.0,0.0,50.0,50.0,200.0,1.0,1.0,1.0000001192092896,0.0
1360.0,155.46945190429688,309.97430419921875,327.807861328125,327.8069763183594,292.14105224609375,292.1419372558594,16515.818359375,33031.63671875,66.97394561767578,66.97398376464844,1915.8575439453125,3831.611083984375,1915.844970703125,3831.5859375,288.458251953125,59.01445770263672,2.6760226319311187e-06,0.0,0.0,2582.765869140625,1290.1279296875,0.0,34.8971061706543,2906.62255859375,11.836806297302246,11.836852073669434,971.0772094726562,1942.0587158203125,49.99991989135742,49.99992370605469,100.0,0.0,0.0,344.9766540527344,0.0,7.924896240234375,17.16878318786621,17.16966438293457,0.0,1.034000039100647,0.9067617654800415,50.0,0.09999999403953552,2.2908034324645996,0.0,0.0,0.0,0.0,8.7680458006603,0.0,0.0,-0.0,0.0029870958533138037,-0.0029876253101974726,0.0,-5.294568836688995e-07,100.40148162841797,100.4014663696289,790.7969360351562,790.7969360351562,790.7969360351562,550.3856201171875,0.0,0.0,34.8971061706543,0.0010999999940395355,0.02200000174343586,0.03299999609589577,78.25286865234375,5655.8173828125,114276.53125,0.02126905508339405,0.0,3.1392715754918754e-05,1814.3148193359375,0.0,0.231320321559906,0.0191325880587101,0.0,0.0,34.8390007019043,0.0,0.0,1600.0,0.0,50.0,0.0,0.0,0.0,50.0,50.0,200.0,1.0,1.0,1.0000001192092896,0.0
1370.0,155.47080993652344,309.97430419921875,327.807861328125,327.8069763183594,292.14105224609375,292.1419372558594,16515.818359375,33031.63671875,66.97394561767578,66.97398376464844,1915.8575439453125,3831.611083984375,1915.844970703125,3831.5859375,288.45819091796875,59.014312744140625,1.8023687289314694e-06,0.0,0.0,2582.761962890625,1290.127685546875,0.0,34.897640228271484,2906.62255859375,11.836806297302246,11.836852073669434,971.0772094726562,1942.0587158203125,49.99991989135742,49.99992370605469,100.0,0.0,0.0,344.9773254394531,0.0,7.924896240234375,17.16946029663086,17.17034339904785,0.0,1.034000039100647,0.9067617654800415,50.0,0.09999999403953552,2.2908034324645996,0.0,0.0,0.0,0.0,8.382425335940868,0.0,0.0,-0.0,0.0029870958533138037,-0.0029876253101974726,0.0,-5.294568836688995e-07,100.40148162841797,100.4014663696289,790.7969360351562,790.7969360351562,790.7969360351562,550.3856201171875,0.0,0.0,34.897640228271484,0.0010999999940395355,0.02200000174343586,0.03299999609589577,78.25286865234375,5655.8173828125,114276.53125,0.02126905508339405,0.0,3.1392715754918754e-05,1827.6497802734375,0.0,0.231320321559906,0.0191325880587101,0.0,0.0,34.8390007019043,0.0,0.0,1600.0,0.0,50.0,0.0,0.0,0.0,50.0,50.0,200.0,1.0,1.0,1.0000001192092896,0.0
1380.0,155.47215270996094,309.97430419921875,327.807861328125,327.8069763183594,292.14105224609375,292.1419372558594,16515.818359375,33031.63671875,66.97394561767578,66.97398376464844,1915.8575439453125,3831.611083984375,1915.844970703125,3831.5859375,288.4581604003906,59.01420211791992,-4.356504632596625e-06,0.0,0.0,2582.758056640625,1290.127685546875,0.0,34.898067474365234,2906.62255859375,11.836806297302246,11.836852073669434,971.0772094726562,1942.0587158203125,49.99991989135742,49.99992370605469,100.0,0.0,0.0,344.9779968261719,0.0,7.924896240234375,17.17013931274414,17.1710205078125,0.0,1.034000039100647,0.9067617654800415,50.0,0.09999999403953552,2.2908034324645996,0.0,0.0,0.0,0.0,7.996804871221434,0.0,0.0,-0.0,0.0029870958533138037,-0.0029876253101974726,0.0,-5.294568836688995e-07,100.40148162841797,100.4014663696289,790.7969360351562,790.7969360351562,790.7969360351562,550.3856201171875,0.0,0.0,34.898067474365234,0.0010999999940395355,0.02200000174343586,0.03299999609589577,78.25286865234375,5655.8173828125,114276.53125,0.02126905508339405,0.0,3.1392715754918754e-05,1840.9847412109375,0.0,0.231320321559906,0.0191325880587101,0.0,0.0,34.8390007019043,0.0,0.0,1600.0,0.0,50.0,0.0,0.0,0.0,50.0,50.0,200.0,1.0,1.0,1.0000001192092896,0.0
1390.0,155.4731903076172,309.97430419921875,327.807861328125,327.8069763183594,292.14105224609375,292.1419372558594,16515.818359375,33031.63671875,66.97394561767578,66.97398376464844,1915.8575439453125,3831.611083984375,1915.844970703125,3831.5859375,288.45806884765625,59.01402282714844,5.506088385232033e-08,0.0,0.0,2582.7548828125,1290.1275634765625,0.0,34.89871597290039,2906.62255859375,11.836806297302246,11.836852073669434,971.0772094726562,1942.0587158203125,49.99991989135742,49.99992370605469,100.0,0.0,0.0,344.9785461425781,0.0,7.924896240234375,17.17068099975586,17.17156410217285,0.0,1.034000039100647,0.9067617654800415,50.0,0.09999999403953552,2.2908034324645996,0.0,0.0,0.0,0.0,7.693128698671507,0.0,0.0,-0.0,0.0029870958533138037,-0.0029876253101974726,0.0,-5.294568836688995e-07,100.40148162841797,100.4014663696289,790.7969360351562,790.7969360351562,790.7969360351562,550.3856201171875,0.0,0.0,34.89871597290039,0.0010999999940395355,0.02200000174343586,0.03299999609589577,78.25286865234375,5655.8173828125,114276.53125,0.02126905508339405,0.0,3.1392715754918754e-05,1854.3197021484375,0.0,0.231320321559906,0.0191325880587101,0.0,0.0,34.8390007019043,0.0,0.0,1600.0,0.0,50.0,0.0,0.0,0.0,50.0,50.0,200.0,1.0,1.0,1.0000001192092896,0.0
1400.0,155.4741973876953,309.97430419921875,327.807861328125,327.8069763183594,292.14105224609375,292.1419372558594,16515.818359375,33031.63671875,66.97394561767578,66.97398376464844,1915.8575439453125,3831.611083984375,1915.844970703125,3831.5859375,288.4579772949219,59.01383590698242,3.3222167985513806e-06,0.0,0.0,2582.752197265625,1290.1275634765625,0.0,34.90077209472656,2906.62255859375,11.836806297302246,11.836852073669434,971.0772094726562,1942.0587158203125,49.99991989135742,49.99992370605469,100.0,0.0,0.0,344.9790954589844,0.0,7.924896240234375,17.17122459411621,17.17210578918457,0.0,1.034000039100647,0.9067617654800415,50.0,0.09999999403953552,2.2908034324645996,0.0,0.0,0.0,0.0,7.403913224391104,0.0,0.0,-0.0,0.0029870958533138037,-0.0029876253101974726,0.0,-5.294568836688995e-07,100.40148162841797,100.4014663696289,790.7969360351562,790.7969360351562,790.7969360351562,550.3856201171875,0.0,0.0,34.90077209472656,0.0010999999940395355,0.02200000174343586,0.03299999609589577,78.25286865234375,5655.8173828125,114276.53125,0.02126905508339405,0.0,3.1392715754918754e-05,1867.6546630859375,0.0,0.231320321559906,0.0191325880587101,0.0,0.0,34.8390007019043,0.0,0.0,1600.0,0.0,50.0,0.0,0.0,0.0,50.0,50.0,200.0,1.0,1.0,1.0000001192092896,0.0
1410.0,155.4752197265625,309.97430419921875,327.807861328125,327.8069763183594,292.14105224609375,292.1419372558594,16515.818359375,33031.63671875,66.97394561767578,66.97398376464844,1915.8575439453125,3831.611083984375,1915.844970703125,3831.5859375,288.45794677734375,59.01368713378906,1.8763583966574515e-06,0.0,0.0,2582.7490234375,1290.12744140625,0.0,34.89999008178711,2906.62255859375,11.836806297302246,11.836852073669434,971.0772094726562,1942.0587158203125,49.99991989135742,49.99992370605469,100.0,0.0,0.0,344.9795837402344,0.0,7.924896240234375,17.171733856201172,17.17261505126953,0.0,1.034000039100647,0.9067617654800415,50.0,0.09999999403953552,2.2908034324645996,0.0,0.0,0.0,0.0,7.1146977501107,0.0,0.0,-0.0,0.0029870958533138037,-0.0029876253101974726,0.0,-5.294568836688995e-07,100.40148162841797,100.4014663696289,790.7969360351562,790.7969360351562,790.7969360351562,550.3856201171875,0.0,0.0,34.89999008178711,0.0010999999940395355,0.02200000174343586,0.03299999609589577,78.25286865234375,5655.8173828125,114276.53125,0.02126905508339405,0.0,3.1392715754918754e-05,1880.9896240234375,0.0,0.231320321559906,0.0191325880587101,0.0,0.0,34.8390007019043,0.0,0.0,1600.0,0.0,50.0,0.0,0.0,0.0,50.0,50.0,200.0,1.0,1.0,1.0000001192092896,0.0
1420.0,155.47622680664062,309.97430419921875,327.807861328125,327.8069763183594,292.14105224609375,292.1419372558594,16515.818359375,33031.63671875,66.97394561767578,66.97398376464844,1915.8575439453125,3831.611083984375,1915.844970703125,3831.5859375,288.4578857421875,59.0135383605957,4.304999094983941e-07,0.0,0.0,2582.74609375,1290.12744140625,0.0,34.90054702758789,2906.62255859375,11.836806297302246,11.836852073669434,971.0772094726562,1942.0587158203125,49.99991989135742,49.99992370605469,100.0,0.0,0.0,344.9801025390625,0.0,7.924896240234375,17.1722412109375,17.17312240600586,0.0,1.034000039100647,0.9067617654800415,50.0,0.09999999403953552,2.2908034324645996,0.0,0.0,0.0,0.0,6.825482778793612,0.0,0.0,-0.0,0.0029870958533138037,-0.0029876253101974726,0.0,-5.294568836688995e-07,100.40148162841797,100.4014663696289,790.7969360351562,790.7969360351562,790.7969360351562,550.3856201171875,0.0,0.0,34.90054702758789,0.0010999999940395355,0.02200000174343586,0.03299999609589577,78.25286865234375,5655.8173828125,114276.53125,0.02126905508339405,0.0,3.1392715754918754e-05,1894.3245849609375,0.0,0.231320321559906,0.0191325880587101,0.0,0.0,34.8390007019043,0.0,0.0,1600.0,0.0,50.0,0.0,0.0,0.0,50.0,50.0,200.0,1.0,1.0,1.0000001192092896,0.0
1430.0,155.47723388671875,309.97430419921875,327.807861328125,327.8069763183594,292.14105224609375,292.1419372558594,16515.818359375,33031.63671875,66.97394561767578,66.97398376464844,1915.8575439453125,3831.611083984375,1915.844970703125,3831.5859375,288.45782470703125,59.013427734375,4.7066873776202556e-06,0.0,0.0,2582.742919921875,1290.12744140625,0.0,34.902313232421875,2906.62255859375,11.836806297302246,11.836852073669434,971.0772094726562,1942.0587158203125,49.99991989135742,49.99992370605469,100.0,0.0,0.0,344.9806213378906,0.0,7.924896240234375,17.17275047302246,17.17363166809082,0.0,1.034000039100647,0.9067617654800415,50.0,0.09999999403953552,2.2908034324645996,0.0,0.0,0.0,0.0,6.536267304513208,0.0,0.0,-0.0,0.0029870958533138037,-0.0029876253101974726,0.0,-5.294568836688995e-07,100.40148162841797,100.4014663696289,790.7969360351562,790.7969360351562,790.7969360351562,550.3856201171875,0.0,0.0,34.902313232421875,0.0010999999940395355,0.02200000174343586,0.03299999609589577,78.25286865234375,5655.8173828125,114276.53125,0.02126905508339405,0.0,3.1392715754918754e-05,1907.6595458984375,0.0,0.231320321559906,0.0191325880587101,0.0,0.0,34.8390007019043,0.0,0.0,1600.0,0.0,50.0,0.0,0.0,0.0,50.0,50.0,200.0,1.0,1.0,1.0000001192092896,0.0
1440.0,155.47824096679688,309.97430419921875,327.807861328125,327.8069763183594,292.14105224609375,292.1419372558594,16515.818359375,33031.63671875,66.97394561767578,66.97398376464844,1915.8575439453125,3831.611083984375,1915.844970703125,3831.5859375,288.4577941894531,59.01332473754883,-3.077763608416717e-07,0.0,0.0,2582.739990234375,1290.1273193359375,0.0,34.90137481689453,2906.62255859375,11.836806297302246,11.836852073669434,971.0772094726562,1942.0587158203125,49.99991989135742,49.99992370605469,100.0,0.0,0.0,344.9811706542969,0.0,7.924896240234375,17.17329216003418,17.174175262451172,0.0,1.034000039100647,0.9067617654800415,50.0,0.09999999403953552,2.2908034324645996,0.0,0.0,0.0,0.0,6.247051830232804,0.0,0.0,-0.0,0.0029870958533138037,-0.0029876253101974726,0.0,-5.294568836688995e-07,100.40148162841797,100.4014663696289,790.7969360351562,790.7969360351562,790.7969360351562,550.3856201171875,0.0,0.0,34.90137481689453,0.0010999999940395355,0.02200000174343586,0.03299999609589577,78.25286865234375,5655.8173828125,114276.53125,0.02126905508339405,0.0,3.1392715754918754e-05,1920.9945068359375,0.0,0.231320321559906,0.0191325880587101,0.0,0.0,34.8390007019043,0.0,0.0,1600.0,0.0,50.0,0.0,0.0,0.0,50.0,50.0,200.0,1.0,1.0,1.0000001192092896,0.0
1450.0,155.479248046875,309.97430419921875,327.807861328125,327.8069763183594,292.14105224609375,292.1419372558594,16515.818359375,33031.63671875,66.97394561767578,66.97398376464844,1915.8575439453125,3831.611083984375,1915.844970703125,3831.5859375,288.457763671875,59.013248443603516,-1.3168079249226139e-06,0.0,0.0,2582.737060546875,1290.1273193359375,0.0,34.90166473388672,2906.62255859375,11.836806297302246,11.836852073669434,971.0772094726562,1942.0587158203125,49.99991989135742,49.99992370605469,100.0,0.0,0.0,344.9816589355469,0.0,7.924896240234375,17.17380142211914,17.1746826171875,0.0,1.034000039100647,0.9067617654800415,50.0,0.09999999403953552,2.2908034324645996,0.0,0.0,0.0,0.0,5.957836355952401,0.0,0.0,-0.0,0.0029870958533138037,-0.0029876253101974726,0.0,-5.294568836688995e-07,100.40148162841797,100.4014663696289,790.7969360351562,790.7969360351562,790.7969360351562,550.3856201171875,0.0,0.0,34.90166473388672,0.0010999999940395355,0.02200000174343586,0.03299999609589577,78.25286865234375,5655.8173828125,114276.53125,0.02126905508339405,0.0,3.1392715754918754e-05,1934.3294677734375,0.0,0.231320321559906,0.0191325880587101,0.0,0.0,34.8390007019043,0.0,0.0,1600.0,0.0,50.0,0.0,0.0,0.0,50.0,50.0,200.0,1.0,1.0,1.0000001192092896,0.0
1460.0,155.480224609375,309.97430419921875,327.807861328125,327.8069763183594,292.14105224609375,292.1419372558594,16515.818359375,33031.63671875,66.97394561767578,66.97398376464844,1915.8575439453125,3831.611083984375,1915.844970703125,3831.5859375,288.4577331542969,59.01316833496094,-2.8980441584280925e-06,0.0,0.0,2582.734130859375,1290.127197265625,0.0,34.90193176269531,2906.62255859375,11.836806297302246,11.836852073669434,971.0772094726562,1942.0587158203125,49.99991989135742,49.99992370605469,100.0,0.0,0.0,344.982177734375,0.0,7.924896240234375,17.1743106842041,17.17519187927246,0.0,1.034000039100647,0.9067617654800415,50.0,0.09999999403953552,2.2908034324645996,0.0,0.0,0.0,0.0,5.673441282082943,0.0,0.0,-0.0,0.0029870958533138037,-0.0029876253101974726,0.0,-5.294568836688995e-07,100.40148162841797,100.4014663696289,790.7969360351562,790.7969360351562,790.7969360351562,550.3856201171875,0.0,0.0,34.90193176269531,0.0010999999940395355,0.02200000174343586,0.03299999609589577,78.25286865234375,5655.8173828125,114276.53125,0.02126905508339405,0.0,3.1392715754918754e-05,1947.6644287109375,0.0,0.231320321559906,0.0191325880587101,0.0,0.0,34.8390007019043,0.0,0.0,1600.0,0.0,50.0,0.0,0.0,0.0,50.0,50.0,200.0,1.0,1.0,1.0000001192092896,0.0
1470.0,155.48089599609375,309.97430419921875,327.807861328125,327.8069763183594,292.14105224609375,292.1419372558594,16515.818359375,33031.63671875,66.97394561767578,66.97398376464844,1915.8575439453125,3831.611083984375,1915.844970703125,3831.5859375,288.4576721191406,59.01301956176758,-4.343902674008859e-06,0.0,0.0,2582.732177734375,1290.127197265625,0.0,34.90249252319336,2906.62255859375,11.836806297302246,11.836852073669434,971.0772094726562,1942.0587158203125,49.99991989135742,49.99992370605469,100.0,0.0,0.0,344.9825134277344,0.0,7.924896240234375,17.17464828491211,17.1755313873291,0.0,1.034000039100647,0.9067617654800415,50.0,0.09999999403953552,2.2908034324645996,0.0,0.0,0.0,0.0,5.480631301204885,0.0,0.0,-0.0,0.0029870958533138037,-0.0029876253101974726,0.0,-5.294568836688995e-07,100.40148162841797,100.4014663696289,790.7969360351562,790.7969360351562,790.7969360351562,550.3856201171875,0.0,0.0,34.90249252319336,0.0010999999940395355,0.02200000174343586,0.03299999609589577,78.25286865234375,5655.8173828125,114276.53125,0.02126905508339405,0.0,3.1392715754918754e-05,1960.9993896484375,0.0,0.231320321559906,0.0191325880587101,0.0,0.0,34.8390007019043,0.0,0.0,1600.0,0.0,50.0,0.0,0.0,0.0,50.0,50.0,200.0,1.0,1.0,1.0000001192092896,0.0
1480.0,155.48158264160156,309.97430419921875,327.807861328125,327.8069763183594,292.14105224609375,292.1419372558594,16515.818359375,33031.63671875,66.97394561767578,66.97398376464844,1915.8575439453125,3831.611083984375,1915.844970703125,3831.5859375,288.4576110839844,59.01286697387695,4.073094714840408e-06,0.0,0.0,2582.730224609375,1290.127197265625,0.0,34.904415130615234,2906.62255859375,11.836806297302246,11.836852073669434,971.0772094726562,1942.0587158203125,49.99991989135742,49.99992370605469,100.0,0.0,0.0,344.98284912109375,0.0,7.924896240234375,17.17498779296875,17.17586898803711,0.0,1.034000039100647,0.9067617654800415,50.0,0.09999999403953552,2.2908034324645996,0.0,0.0,0.0,0.0,5.28782081736351,0.0,0.0,-0.0,0.0029870958533138037,-0.0029876253101974726,0.0,-5.294568836688995e-07,100.40148162841797,100.4014663696289,790.7969360351562,790.7969360351562,790.7969360351562,550.3856201171875,0.0,0.0,34.904415130615234,0.0010999999940395355,0.02200000174343586,0.03299999609589577,78.25286865234375,5655.8173828125,114276.53125,0.02126905508339405,0.0,3.1392715754918754e-05,1974.3343505859375,0.0,0.231320321559906,0.0191325880587101,0.0,0.0,34.8390007019043,0.0,0.0,1600.0,0.0,50.0,0.0,0.0,0.0,50.0,50.0,200.0,1.0,1.0,1.0000001192092896,0.0
1490.0,155.4822540283203,309.97430419921875,327.807861328125,327.8069763183594,292.14105224609375,292.1419372558594,16515.818359375,33031.63671875,66.97394561767578,66.97398376464844,1915.8575439453125,3831.611083984375,1915.844970703125,3831.5859375,288.45758056640625,59.01274108886719,-4.374596755951643e-06,0.0,0.0,2582.728271484375,1290.127197265625,0.0,34.903541564941406,2906.62255859375,11.836806297302246,11.836852073669434,971.0772094726562,1942.0587158203125,49.99991989135742,49.99992370605469,100.0,0.0,0.0,344.9831848144531,0.0,7.924896240234375,17.17532730102539,17.17620849609375,0.0,1.034000039100647,0.9067617654800415,50.0,0.09999999403953552,2.2908034324645996,0.0,0.0,0.0,0.0,5.095010836485451,0.0,0.0,-0.0,0.0029870958533138037,-0.0029876253101974726,0.0,-5.294568836688995e-07,100.40148162841797,100.4014663696289,790.7969360351562,790.7969360351562,790.7969360351562,550.3856201171875,0.0,0.0,34.903541564941406,0.0010999999940395355,0.02200000174343586,0.03299999609589577,78.25286865234375,5655.8173828125,114276.53125,0.02126905508339405,0.0,3.1392715754918754e-05,1987.6693115234375,0.0,0.231320321559906,0.0191325880587101,0.0,0.0,34.8390007019043,0.0,0.0,1600.0,0.0,50.0,0.0,0.0,0.0,50.0,50.0,200.0,1.0,1.0,1.0000001192092896,0.0
1500.0,155.48292541503906,309.97430419921875,327.807861328125,327.8069763183594,292.14105224609375,292.1419372558594,16515.818359375,33031.63671875,66.97394561767578,66.97398376464844,1915.8575439453125,3831.611083984375,1915.844970703125,3831.5859375,288.45751953125,59.01262664794922,-6.706135877720953e-07,0.0,0.0,2582.726318359375,1290.1270751953125,0.0,34.903968811035156,2906.62255859375,11.836806297302246,11.836852073669434,971.0772094726562,1942.0587158203125,49.99991989135742,49.99992370605469,100.0,0.0,0.0,344.9835205078125,0.0,7.924896240234375,17.17566680908203,17.17654800415039,0.0,1.034000039100647,0.9067617654800415,50.0,0.09999999403953552,2.2908034324645996,0.0,0.0,0.0,0.0,4.902200352644077,0.0,0.0,-0.0,0.0029870958533138037,-0.0029876253101974726,0.0,-5.294568836688995e-07,100.40148162841797,100.4014663696289,790.7969360351562,790.7969360351562,790.7969360351562,550.3856201171875,0.0,0.0,34.903968811035156,0.0010999999940395355,0.02200000174343586,0.03299999609589577,78.25286865234375,5655.8173828125,114276.53125,0.02126905508339405,0.0,3.1392715754918754e-05,2001.0042724609375,0.0,0.231320321559906,0.0191325880587101,0.0,0.0,34.8390007019043,0.0,0.0,1600.0,0.0,50.0,0.0,0.0,0.0,50.0,50.0,200.0,1.0,1.0,1.0000001192092896,0.0
1510.0,155.4835968017578,309.97430419921875,327.807861328125,327.8069763183594,292.14105224609375,292.1419372558594,16515.818359375,33031.63671875,66.97394561767578,66.97398376464844,1915.8575439453125,3831.611083984375,1915.844970703125,3831.5859375,288.45745849609375,59.012516021728516,3.60557419298857e-06,0.0,0.0,2582.724365234375,1290.1270751953125,0.0,34.90439224243164,2906.62255859375,11.836806297302246,11.836852073669434,971.0772094726562,1942.0587158203125,49.99991989135742,49.99992370605469,100.0,0.0,0.0,344.9839172363281,0.0,7.924896240234375,17.17603874206543,17.176921844482422,0.0,1.034000039100647,0.9067617654800415,50.0,0.09999999403953552,2.2908034324645996,0.0,0.0,0.0,0.0,4.709390371766018,0.0,0.0,-0.0,0.0029870958533138037,-0.0029876253101974726,0.0,-5.294568836688995e-07,100.40148162841797,100.4014663696289,790.7969360351562,790.7969360351562,790.7969360351562,550.3856201171875,0.0,0.0,34.90439224243164,0.0010999999940395355,0.02200000174343586,0.03299999609589577,78.25286865234375,5655.8173828125,114276.53125,0.02126905508339405,0.0,3.1392715754918754e-05,2014.3392333984375,0.0,0.231320321559906,0.0191325880587101,0.0,0.0,34.8390007019043,0.0,0.0,1600.0,0.0,50.0,0.0,0.0,0.0,50.0,50.0,200.0,1.0,1.0,1.0000001192092896,0.0
1520.0,155.48426818847656,309.97430419921875,327.807861328125,327.8069763183594,292.14105224609375,292.1419372558594,16515.818359375,33031.63671875,66.97394561767578,66.97398376464844,1915.8575439453125,3831.611083984375,1915.844970703125,3831.5859375,288.4574279785156,59.01243209838867,1.452133233215136e-06,0.0,0.0,2582.722412109375,1290.1270751953125,0.0,34.904727935791016,2906.62255859375,11.836806297302246,11.836852073669434,971.0772094726562,1942.0587158203125,49.99991989135742,49.99992370605469,100.0,0.0,0.0,344.9842529296875,0.0,7.924896240234375,17.17637825012207,17.17725944519043,0.0,1.034000039100647,0.9067617654800415,50.0,0.09999999403953552,2.2908034324645996,0.0,0.0,0.0,0.0,4.516579887924644,0.0,0.0,-0.0,0.0029870958533138037,-0.0029876253101974726,0.0,-5.294568836688995e-07,100.40148162841797,100.4014663696289,790.7969360351562,790.7969360351562,790.7969360351562,550.3856201171875,0.0,0.0,34.904727935791016,0.0010999999940395355,0.02200000174343586,0.03299999609589577,78.25286865234375,5655.8173828125,114276.53125,0.02126905508339405,0.0,3.1392715754918754e-05,2027.6741943359375,0.0,0.231320321559906,0.0191325880587101,0.0,0.0,34.8390007019043,0.0,0.0,1600.0,0.0,50.0,0.0,0.0,0.0,50.0,50.0,200.0,1.0,1.0,1.0000001192092896,0.0
1530.0,155.4849395751953,309.97430419921875,327.807861328125,327.8069763183594,292.14105224609375,292.1419372558594,16515.818359375,33031.63671875,66.97394561767578,66.97398376464844,1915.8575439453125,3831.611083984375,1915.844970703125,3831.5859375,288.4573974609375,59.012351989746094,-1.2910294344692375e-07,0.0,0.0,2582.720458984375,1290.1268310546875,0.0,34.90365219116211,2906.62255859375,11.836806297302246,11.836852073669434,971.0772094726562,1942.0587158203125,49.99991989135742,49.99992370605469,100.0,0.0,0.0,344.9845886230469,0.0,7.924896240234375,17.17671775817871,17.17759895324707,0.0,1.034000039100647,0.9067617654800415,50.0,0.09999999403953552,2.2908034324645996,0.0,0.0,0.0,0.0,4.323769907046585,0.0,0.0,-0.0,0.0029870958533138037,-0.0029876253101974726,0.0,-5.294568836688995e-07,100.40148162841797,100.4014663696289,790.7969360351562,790.7969360351562,790.7969360351562,550.3856201171875,0.0,0.0,34.90365219116211,0.0010999999940395355,0.02200000174343586,0.03299999609589577,78.25286865234375,5655.8173828125,114276.53125,0.02126905508339405,0.0,3.1392715754918754e-05,2041.0091552734375,0.0,0.231320321559906,0.0191325880587101,0.0,0.0,34.8390007019043,0.0,0.0,1600.0,0.0,50.0,0.0,0.0,0.0,50.0,50.0,200.0,1.0,1.0,1.0000001192092896,0.0
1540.0,155.48561096191406,309.97430419921875,327.807861328125,327.8069763183594,292.14105224609375,292.1419372558594,16515.818359375,33031.63671875,66.97394561767578,66.97398376464844,1915.8575439453125,3831.611083984375,1915.844970703125,3831.5859375,288.4573974609375,59.01227569580078,-1.138134507527866e-06,0.0,0.0,2582.718505859375,1290.1268310546875,0.0,34.9039421081543,2906.62255859375,11.836806297302246,11.836852073669434,971.0772094726562,1942.0587158203125,49.99991989135742,49.99992370605469,100.0,0.0,0.0,344.98492431640625,0.0,7.924896240234375,17.17705726623535,17.17793846130371,0.0,1.034000039100647,0.9067617654800415,50.0,0.09999999403953552,2.2908034324645996,0.0,0.0,0.0,0.0,4.130959423205211,0.0,0.0,-0.0,0.0029870958533138037,-0.0029876253101974726,0.0,-5.294568836688995e-07,100.40148162841797,100.4014663696289,790.7969360351562,790.7969360351562,790.7969360351562,550.3856201171875,0.0,0.0,34.9039421081543,0.0010999999940395355,0.02200000174343586,0.03299999609589577,78.25286865234375,5655.8173828125,114276.53125,0.02126905508339405,0.0,3.1392715754918754e-05,2054.34423828125,0.0,0.231320321559906,0.0191325880587101,0.0,0.0,34.8390007019043,0.0,0.0,1600.0,0.0,50.0,0.0,0.0,0.0,50.0,50.0,200.0,1.0,1.0,1.0000001192092896,0.0
1550.0,155.4862823486328,309.97430419921875,327.807861328125,327.8069763183594,292.14105224609375,292.1419372558594,16515.818359375,33031.63671875,66.97394561767578,66.97398376464844,1915.8575439453125,3831.611083984375,1915.844970703125,3831.5859375,288.4573669433594,59.01223373413086,3.002675384777831e-06,0.0,0.0,2582.71630859375,1290.1268310546875,0.0,34.90546798706055,2906.62255859375,11.836806297302246,11.836852073669434,971.0772094726562,1942.0587158203125,49.99991989135742,49.99992370605469,100.0,0.0,0.0,344.9852600097656,0.0,7.924896240234375,17.17739486694336,17.17827796936035,0.0,1.034000039100647,0.9067617654800415,50.0,0.09999999403953552,2.2908034324645996,0.0,0.0,0.0,0.0,3.9381491908454946,0.0,0.0,-0.0,0.0029870958533138037,-0.0029876253101974726,0.0,-5.294568836688995e-07,100.40148162841797,100.4014663696289,790.7969360351562,790.7969360351562,790.7969360351562,550.3856201171875,0.0,0.0,34.90546798706055,0.0010999999940395355,0.02200000174343586,0.03299999609589577,78.25286865234375,5655.8173828125,114276.53125,0.02126905508339405,0.0,3.1392715754918754e-05,2067.67919921875,0.0,0.231320321559906,0.0191325880587101,0.0,0.0,34.8390007019043,0.0,0.0,1600.0,0.0,50.0,0.0,0.0,0.0,50.0,50.0,200.0,1.0,1.0,1.0000001192092896,0.0
1560.0,155.48696899414062,309.97430419921875,327.807861328125,327.8069763183594,292.14105224609375,292.1419372558594,16515.818359375,33031.63671875,66.97394561767578,66.97398376464844,1915.8575439453125,3831.611083984375,1915.844970703125,3831.5859375,288.4573669433594,59.01219177246094,-3.2915754673013e-06,0.0,0.0,2582.71435546875,1290.1268310546875,0.0,34.905601501464844,2906.62255859375,11.836806297302246,11.836852073669434,971.0772094726562,1942.0587158203125,49.99991989135742,49.99992370605469,100.0,0.0,0.0,344.9856262207031,0.0,7.924896240234375,17.17776870727539,17.17864990234375,0.0,1.034000039100647,0.9067617654800415,50.0,0.09999999403953552,2.2908034324645996,0.0,0.0,0.0,0.0,3.745338958485778,0.0,0.0,-0.0,0.0029870958533138037,-0.0029876253101974726,0.0,-5.294568836688995e-07,100.40148162841797,100.4014663696289,790.7969360351562,790.7969360351562,790.7969360351562,550.3856201171875,0.0,0.0,34.905601501464844,0.0010999999940395355,0.02200000174343586,0.03299999609589577,78.25286865234375,5655.8173828125,114276.53125,0.02126905508339405,0.0,3.1392715754918754e-05,2081.01416015625,0.0,0.231320321559906,0.0191325880587101,0.0,0.0,34.8390007019043,0.0,0.0,1600.0,0.0,50.0,0.0,0.0,0.0,50.0,50.0,200.0,1.0,1.0,1.0000001192092896,0.0
1570.0,155.48764038085938,309.97430419921875,327.807861328125,327.8069763183594,292.14105224609375,292.1419372558594,16515.818359375,33031.63671875,66.97394561767578,66.97398376464844,1915.8575439453125,3831.611083984375,1915.844970703125,3831.5859375,288.45733642578125,59.01215744018555,1.99364376385347e-06,0.0,0.0,2582.71240234375,1290.126708984375,0.0,34.905757904052734,2906.62255859375,11.836806297302246,11.836852073669434,971.0772094726562,1942.0587158203125,49.99991989135742,49.99992370605469,100.0,0.0,0.0,344.9859619140625,0.0,7.924896240234375,17.17810821533203,17.17898941040039,0.0,1.034000039100647,0.9067617654800415,50.0,0.09999999403953552,2.2908034324645996,0.0,0.0,0.0,0.0,3.5525287261260616,0.0,0.0,-0.0,0.0029870958533138037,-0.0029876253101974726,0.0,-5.294568836688995e-07,100.40148162841797,100.4014663696289,790.7969360351562,790.7969360351562,790.7969360351562,550.3856201171875,0.0,0.0,34.905757904052734,0.0010999999940395355,0.02200000174343586,0.03299999609589577,78.25286865234375,5655.8173828125,114276.53125,0.02126905508339405,0.0,3.1392715754918754e-05,2094.34912109375,0.0,0.231320321559906,0.0191325880587101,0.0,0.0,34.8390007019043,0.0,0.0,1600.0,0.0,50.0,0.0,0.0,0.0,50.0,50.0,200.0,1.0,1.0,1.0000001192092896,0.0
1580.0,155.48817443847656,309.97430419921875,327.807861328125,327.8069763183594,292.14105224609375,292.1419372558594,16515.818359375,33031.63671875,66.97394561767578,66.97398376464844,1915.8575439453125,3831.611083984375,1915.844970703125,3831.5859375,288.4573059082031,59.012107849121094,4.990044544683769e-06,0.0,0.0,2582.710693359375,1290.126708984375,0.0,34.90591049194336,2906.62255859375,11.836806297302246,11.836852073669434,971.0772094726562,1942.0587158203125,49.99991989135742,49.99992370605469,100.0,0.0,0.0,344.9862365722656,0.0,7.924896240234375,17.17837905883789,17.17926025390625,0.0,1.034000039100647,0.9067617654800415,50.0,0.09999999403953552,2.2908034324645996,0.0,0.0,0.0,0.0,3.393460290716337,0.0,0.0,-0.0,0.0029870958533138037,-0.0029876253101974726,0.0,-5.294568836688995e-07,100.40148162841797,100.4014663696289,790.7969360351562,790.7969360351562,790.7969360351562,550.3856201171875,0.0,0.0,34.90591049194336,0.0010999999940395355,0.02200000174343586,0.03299999609589577,78.25286865234375,5655.8173828125,114276.53125,0.02126905508339405,0.0,3.1392715754918754e-05,2107.68408203125,0.0,0.231320321559906,0.0191325880587101,0.0,0.0,34.8390007019043,0.0,0.0,1600.0,0.0,50.0,0.0,0.0,0.0,50.0,50.0,200.0,1.0,1.0,1.0000001192092896,0.0
1590.0,155.48851013183594,309.97430419921875,327.807861328125,327.8069763183594,292.14105224609375,292.1419372558594,16515.818359375,33031.63671875,66.97394561767578,66.97398376464844,1915.8575439453125,3831.611083984375,1915.844970703125,3831.5859375,288.457275390625,59.01199722290039,-1.1688284757838119e-06,0.0,0.0,2582.709716796875,1290.126708984375,0.0,34.9063606262207,2906.62255859375,11.836806297302246,11.836852073669434,971.0772094726562,1942.0587158203125,49.99991989135742,49.99992370605469,100.0,0.0,0.0,344.9864196777344,0.0,7.924896240234375,17.17854881286621,17.17943000793457,0.0,1.034000039100647,0.9067617654800415,50.0,0.09999999403953552,2.2908034324645996,0.0,0.0,0.0,0.0,3.29705504879565,0.0,0.0,-0.0,0.0029870958533138037,-0.0029876253101974726,0.0,-5.294568836688995e-07,100.40148162841797,100.4014663696289,790.7969360351562,790.7969360351562,790.7969360351562,550.3856201171875,0.0,0.0,34.9063606262207,0.0010999999940395355,0.02200000174343586,0.03299999609589577,78.25286865234375,5655.8173828125,114276.53125,0.02126905508339405,0.0,3.1392715754918754e-05,2121.01904296875,0.0,0.231320321559906,0.0191325880587101,0.0,0.0,34.8390007019043,0.0,0.0,1600.0,0.0,50.0,0.0,0.0,0.0,50.0,50.0,200.0,1.0,1.0,1.0000001192092896,0.0
1600.0,155.4888458251953,309.97430419921875,327.807861328125,327.8069763183594,292.14105224609375,292.1419372558594,16515.818359375,33031.63671875,66.97394561767578,66.97398376464844,1915.8575439453125,3831.611083984375,1915.844970703125,3831.5859375,288.45721435546875,59.01188278198242,2.5351544081786415e-06,0.0,0.0,2582.708740234375,1290.126708984375,0.0,34.90810012817383,2906.62255859375,11.836806297302246,11.836852073669434,971.0772094726562,1942.0587158203125,49.99991989135742,49.99992370605469,100.0,0.0,0.0,344.986572265625,0.0,7.924896240234375,17.17871856689453,17.17959976196289,0.0,1.034000039100647,0.9067617654800415,50.0,0.09999999403953552,2.2908034324645996,0.0,0.0,0.0,0.0,3.2006500583566204,0.0,0.0,-0.0,0.0029870958533138037,-0.0029876253101974726,0.0,-5.294568836688995e-07,100.40148162841797,100.4014663696289,790.7969360351562,790.7969360351562,790.7969360351562,550.3856201171875,0.0,0.0,34.90810012817383,0.0010999999940395355,0.02200000174343586,0.03299999609589577,78.25286865234375,5655.8173828125,114276.53125,0.02126905508339405,0.0,3.1392715754918754e-05,2134.35400390625,0.0,0.231320321559906,0.0191325880587101,0.0,0.0,34.8390007019043,0.0,0.0,1600.0,0.0,50.0,0.0,0.0,0.0,50.0,50.0,200.0,1.0,1.0,1.0000001192092896,0.0
1610.0,155.4891815185547,309.97430419921875,327.807861328125,327.8069763183594,292.14105224609375,292.1419372558594,16515.818359375,33031.63671875,66.97394561767578,66.97398376464844,1915.8575439453125,3831.611083984375,1915.844970703125,3831.5859375,288.4571838378906,59.011775970458984,-3.0515138860209845e-06,0.0,0.0,2582.70751953125,1290.126708984375,0.0,34.90718460083008,2906.62255859375,11.836806297302246,11.836852073669434,971.0772094726562,1942.0587158203125,49.99991989135742,49.99992370605469,100.0,0.0,0.0,344.98675537109375,0.0,7.924896240234375,17.17888832092285,17.17976951599121,0.0,1.034000039100647,0.9067617654800415,50.0,0.09999999403953552,2.2908034324645996,0.0,0.0,0.0,0.0,3.1042448164359335,0.0,0.0,-0.0,0.0029870958533138037,-0.0029876253101974726,0.0,-5.294568836688995e-07,100.40148162841797,100.4014663696289,790.7969360351562,790.7969360351562,790.7969360351562,550.3856201171875,0.0,0.0,34.90718460083008,0.0010999999940395355,0.02200000174343586,0.03299999609589577,78.25286865234375,5655.8173828125,114276.53125,0.02126905508339405,0.0,3.1392715754918754e-05,2147.68896484375,0.0,0.231320321559906,0.0191325880587101,0.0,0.0,34.8390007019043,0.0,0.0,1600.0,0.0,50.0,0.0,0.0,0.0,50.0,50.0,200.0,1.0,1.0,1.0000001192092896,0.0
1620.0,155.48951721191406,309.97430419921875,327.807861328125,327.8069763183594,292.14105224609375,292.1419372558594,16515.818359375,33031.63671875,66.97394561767578,66.97398376464844,1915.8575439453125,3831.611083984375,1915.844970703125,3831.5859375,288.4571228027344,59.01166915893555,1.796878223103704e-06,0.0,0.0,2582.706787109375,1290.126708984375,0.0,34.90756607055664,2906.62255859375,11.836806297302246,11.836852073669434,971.0772094726562,1942.0587158203125,49.99991989135742,49.99992370605469,100.0,0.0,0.0,344.9869079589844,0.0,7.924896240234375,17.179058074951172,17.17993927001953,0.0,1.034000039100647,0.9067617654800415,50.0,0.09999999403953552,2.2908034324645996,0.0,0.0,0.0,0.0,3.007839825996904,0.0,0.0,-0.0,0.0029870958533138037,-0.0029876253101974726,0.0,-5.294568836688995e-07,100.40148162841797,100.4014663696289,790.7969360351562,790.7969360351562,790.7969360351562,550.3856201171875,0.0,0.0,34.90756607055664,0.0010999999940395355,0.02200000174343586,0.03299999609589577,78.25286865234375,5655.8173828125,114276.53125,0.02126905508339405,0.0,3.1392715754918754e-05,2161.02392578125,0.0,0.231320321559906,0.0191325880587101,0.0,0.0,34.8390007019043,0.0,0.0,1600.0,0.0,50.0,0.0,0.0,0.0,50.0,50.0,200.0,1.0,1.0,1.0000001192092896,0.0
1630.0,155.48985290527344,309.97430419921875,327.807861328125,327.8069763183594,292.14105224609375,292.1419372558594,16515.818359375,33031.63671875,66.97394561767578,66.97398376464844,1915.8575439453125,3831.611083984375,1915.844970703125,3831.5859375,288.45709228515625,59.0115966796875,1.3600513284472981e-06,0.0,0.0,2582.70556640625,1290.126708984375,0.0,34.906494140625,2906.62255859375,11.836806297302246,11.836852073669434,971.0772094726562,1942.0587158203125,49.99991989135742,49.99992370605469,100.0,0.0,0.0,344.98712158203125,0.0,7.924896240234375,17.17926025390625,17.18014144897461,0.0,1.034000039100647,0.9067617654800415,50.0,0.09999999403953552,2.2908034324645996,0.0,0.0,0.0,0.0,2.911434584076217,0.0,0.0,-0.0,0.0029870958533138037,-0.0029876253101974726,0.0,-5.294568836688995e-07,100.40148162841797,100.4014663696289,790.7969360351562,790.7969360351562,790.7969360351562,550.3856201171875,0.0,0.0,34.906494140625,0.0010999999940395355,0.02200000174343586,0.03299999609589577,78.25286865234375,5655.8173828125,114276.53125,0.02126905508339405,0.0,3.1392715754918754e-05,2174.35888671875,0.0,0.231320321559906,0.0191325880587101,0.0,0.0,34.8390007019043,0.0,0.0,1600.0,0.0,50.0,0.0,0.0,0.0,50.0,50.0,200.0,1.0,1.0,1.0000001192092896,0.0
1640.0,155.4901885986328,309.97430419921875,327.807861328125,327.8069763183594,292.14105224609375,292.1419372558594,16515.818359375,33031.63671875,66.97394561767578,66.97398376464844,1915.8575439453125,3831.611083984375,1915.844970703125,3831.5859375,288.45709228515625,59.01152038574219,3.5101973594464653e-07,0.0,0.0,2582.704833984375,1290.1265869140625,0.0,34.90812683105469,2906.62255859375,11.836806297302246,11.836852073669434,971.0772094726562,1942.0587158203125,49.99991989135742,49.99992370605469,100.0,0.0,0.0,344.9873046875,0.0,7.924896240234375,17.17943000793457,17.18031120300293,0.0,1.034000039100647,0.9067617654800415,50.0,0.09999999403953552,2.2908034324645996,0.0,0.0,0.0,0.0,2.8150295936371874,0.0,0.0,-0.0,0.0029870958533138037,-0.0029876253101974726,0.0,-5.294568836688995e-07,100.40148162841797,100.4014663696289,790.7969360351562,790.7969360351562,790.7969360351562,550.3856201171875,0.0,0.0,34.90812683105469,0.0010999999940395355,0.02200000174343586,0.03299999609589577,78.25286865234375,5655.8173828125,114276.53125,0.02126905508339405,0.0,3.1392715754918754e-05,2187.69384765625,0.0,0.231320321559906,0.0191325880587101,0.0,0.0,34.8390007019043,0.0,0.0,1600.0,0.0,50.0,0.0,0.0,0.0,50.0,50.0,200.0,1.0,1.0,1.0000001192092896,0.0
1650.0,155.4905242919922,309.97430419921875,327.807861328125,327.8069763183594,292.14105224609375,292.1419372558594,16515.818359375,33031.63671875,66.97394561767578,66.97398376464844,1915.8575439453125,3831.611083984375,1915.844970703125,3831.5859375,288.4570617675781,59.01144790649414,-8.58072013443234e-08,0.0,0.0,2582.70361328125,1290.1265869140625,0.0,34.90571212768555,2906.62255859375,11.836806297302246,11.836852073669434,971.0772094726562,1942.0587158203125,49.99991989135742,49.99992370605469,100.0,0.0,0.0,344.9874572753906,0.0,7.924896240234375,17.17959976196289,17.18048095703125,0.0,1.034000039100647,0.9067617654800415,50.0,0.09999999403953552,2.2908034324645996,0.0,0.0,0.0,0.0,2.7186243517165005,0.0,0.0,-0.0,0.0029870958533138037,-0.0029876253101974726,0.0,-5.294568836688995e-07,100.40148162841797,100.4014663696289,790.7969360351562,790.7969360351562,790.7969360351562,550.3856201171875,0.0,0.0,34.90571212768555,0.0010999999940395355,0.02200000174343586,0.03299999609589577,78.25286865234375,5655.8173828125,114276.53125,0.02126905508339405,0.0,3.1392715754918754e-05,2201.02880859375,0.0,0.231320321559906,0.0191325880587101,0.0,0.0,34.8390007019043,0.0,0.0,1600.0,0.0,50.0,0.0,0.0,0.0,50.0,50.0,200.0,1.0,1.0,1.0000001192092896,0.0
1660.0,155.49087524414062,309.97430419921875,327.807861328125,327.8069763183594,292.14105224609375,292.1419372558594,16515.818359375,33031.63671875,66.97394561767578,66.97398376464844,1915.8575439453125,3831.611083984375,1915.844970703125,3831.5859375,288.45703125,59.01137161254883,-1.0948388080578297e-06,0.0,0.0,2582.702880859375,1290.1265869140625,0.0,34.90870666503906,2906.62255859375,11.836806297302246,11.836852073669434,971.0772094726562,1942.0587158203125,49.99991989135742,49.99992370605469,100.0,0.0,0.0,344.9876403808594,0.0,7.924896240234375,17.17976951599121,17.18065071105957,0.0,1.034000039100647,0.9067617654800415,50.0,0.09999999403953552,2.2908034324645996,0.0,0.0,0.0,0.0,2.622219361277471,0.0,0.0,-0.0,0.0029870958533138037,-0.0029876253101974726,0.0,-5.294568836688995e-07,100.40148162841797,100.4014663696289,790.7969360351562,790.7969360351562,790.7969360351562,550.3856201171875,0.0,0.0,34.90870666503906,0.0010999999940395355,0.02200000174343586,0.03299999609589577,78.25286865234375,5655.8173828125,114276.53125,0.02126905508339405,0.0,3.1392715754918754e-05,2214.36376953125,0.0,0.231320321559906,0.0191325880587101,0.0,0.0,34.8390007019043,0.0,0.0,1600.0,0.0,50.0,0.0,0.0,0.0,50.0,50.0,200.0,1.0,1.0,1.0000001192092896,0.0
1670.0,155.4912109375,309.97430419921875,327.807861328125,327.8069763183594,292.14105224609375,292.1419372558594,16515.818359375,33031.63671875,66.97394561767578,66.97398376464844,1915.8575439453125,3831.611083984375,1915.844970703125,3831.5859375,288.4570007324219,59.01129913330078,-1.5316655890273978e-06,0.0,0.0,2582.701904296875,1290.1265869140625,0.0,34.90763473510742,2906.62255859375,11.836806297302246,11.836852073669434,971.0772094726562,1942.0587158203125,49.99991989135742,49.99992370605469,100.0,0.0,0.0,344.98779296875,0.0,7.924896240234375,17.17993927001953,17.18082046508789,0.0,1.034000039100647,0.9067617654800415,50.0,0.09999999403953552,2.2908034324645996,0.0,0.0,0.0,0.0,2.525814119356784,0.0,0.0,-0.0,0.0029870958533138037,-0.0029876253101974726,0.0,-5.294568836688995e-07,100.40148162841797,100.4014663696289,790.7969360351562,790.7969360351562,790.7969360351562,550.3856201171875,0.0,0.0,34.90763473510742,0.0010999999940395355,0.02200000174343586,0.03299999609589577,78.25286865234375,5655.8173828125,114276.53125,0.02126905508339405,0.0,3.1392715754918754e-05,2227.69873046875,0.0,0.231320321559906,0.0191325880587101,0.0,0.0,34.8390007019043,0.0,0.0,1600.0,0.0,50.0,0.0,0.0,0.0,50.0,50.0,200.0,1.0,1.0,1.0000001192092896,0.0
1680.0,155.49154663085938,309.97430419921875,327.807861328125,327.8069763183594,292.14105224609375,292.1419372558594,16515.818359375,33031.63671875,66.97394561767578,66.97398376464844,1915.8575439453125,3831.611083984375,1915.844970703125,3831.5859375,288.45697021484375,59.01124572753906,8.925304086915276e-07,0.0,0.0,2582.700927734375,1290.1265869140625,0.0,34.90781021118164,2906.62255859375,11.836806297302246,11.836852073669434,971.0772094726562,1942.0587158203125,49.99991989135742,49.99992370605469,100.0,0.0,0.0,344.98797607421875,0.0,7.924896240234375,17.18010902404785,17.18099021911621,0.0,1.034000039100647,0.9067617654800415,50.0,0.09999999403953552,2.2908034324645996,0.0,0.0,0.0,0.0,2.4294091289177544,0.0,0.0,-0.0,0.0029870958533138037,-0.0029876253101974726,0.0,-5.294568836688995e-07,100.40148162841797,100.4014663696289,790.7969360351562,790.7969360351562,790.7969360351562,550.3856201171875,0.0,0.0,34.90781021118164,0.0010999999940395355,0.02200000174343586,0.03299999609589577,78.25286865234375,5655.8173828125,114276.53125,0.02126905508339405,0.0,3.1392715754918754e-05,2241.03369140625,0.0,0.231320321559906,0.0191325880587101,0.0,0.0,34.8390007019043,0.0,0.0,1600.0,0.0,50.0,0.0,0.0,0.0,50.0,50.0,200.0,1.0,1.0,1.0000001192092896,0.0
1690.0,155.49188232421875,309.97430419921875,327.807861328125,327.8069763183594,292.14105224609375,292.1419372558594,16515.818359375,33031.63671875,66.97394561767578,66.97398376464844,1915.8575439453125,3831.611083984375,1915.844970703125,3831.5859375,288.45697021484375,59.011207580566406,-4.829515546589391e-06,0.0,0.0,2582.699951171875,1290.1265869140625,0.0,34.90930938720703,2906.62255859375,11.836806297302246,11.836852073669434,971.0772094726562,1942.0587158203125,49.99991989135742,49.99992370605469,100.0,0.0,0.0,344.9881286621094,0.0,7.924896240234375,17.180278778076172,17.18115997314453,0.0,1.034000039100647,0.9067617654800415,50.0,0.09999999403953552,2.2908034324645996,0.0,0.0,0.0,0.0,2.333003886997067,0.0,0.0,-0.0,0.0029870958533138037,-0.0029876253101974726,0.0,-5.294568836688995e-07,100.40148162841797,100.4014663696289,790.7969360351562,790.7969360351562,790.7969360351562,550.3856201171875,0.0,0.0,34.90930938720703,0.0010999999940395355,0.02200000174343586,0.03299999609589577,78.25286865234375,5655.8173828125,114276.53125,0.02126905508339405,0.0,3.1392715754918754e-05,2254.36865234375,0.0,0.231320321559906,0.0191325880587101,0.0,0.0,34.8390007019043,0.0,0.0,1600.0,0.0,50.0,0.0,0.0,0.0,50.0,50.0,200.0,1.0,1.0,1.0000001192092896,0.0
1700.0,155.49221801757812,309.97430419921875,327.807861328125,327.8069763183594,292.14105224609375,292.1419372558594,16515.818359375,33031.63671875,66.97394561767578,66.97398376464844,1915.8575439453125,3831.611083984375,1915.844970703125,3831.5859375,288.4569396972656,59.011173248291016,4.557034287699935e-07,0.0,0.0,2582.69873046875,1290.1265869140625,0.0,34.90810012817383,2906.62255859375,11.836806297302246,11.836852073669434,971.0772094726562,1942.0587158203125,49.99991989135742,49.99992370605469,100.0,0.0,0.0,344.9883117675781,0.0,7.924896240234375,17.18044662475586,17.18132972717285,0.0,1.034000039100647,0.9067617654800415,50.0,0.09999999403953552,2.2908034324645996,0.0,0.0,0.0,0.0,2.236598896558038,0.0,0.0,-0.0,0.0029870958533138037,-0.0029876253101974726,0.0,-5.294568836688995e-07,100.40148162841797,100.4014663696289,790.7969360351562,790.7969360351562,790.7969360351562,550.3856201171875,0.0,0.0,34.90810012817383,0.0010999999940395355,0.02200000174343586,0.03299999609589577,78.25286865234375,5655.8173828125,114276.53125,0.02126905508339405,0.0,3.1392715754918754e-05,2267.70361328125,0.0,0.231320321559906,0.0191325880587101,0.0,0.0,34.8390007019043,0.0,0.0,1600.0,0.0,50.0,0.0,0.0,0.0,50.0,50.0,200.0,1.0,1.0,1.0000001192092896,0.0
1710.0,155.4925537109375,309.97430419921875,327.807861328125,327.8069763183594,292.14105224609375,292.1419372558594,16515.818359375,33031.63671875,66.97394561767578,66.97398376464844,1915.8575439453125,3831.611083984375,1915.844970703125,3831.5859375,288.4569091796875,59.011131286621094,4.5965134631842375e-06,0.0,0.0,2582.697998046875,1290.12646484375,0.0,34.908233642578125,2906.62255859375,11.836806297302246,11.836852073669434,971.0772094726562,1942.0587158203125,49.99991989135742,49.99992370605469,100.0,0.0,0.0,344.9884948730469,0.0,7.924896240234375,17.18061637878418,17.181499481201172,0.0,1.034000039100647,0.9067617654800415,50.0,0.09999999403953552,2.2908034324645996,0.0,0.0,0.0,0.0,2.1401936546373506,0.0,0.0,-0.0,0.0029870958533138037,-0.0029876253101974726,0.0,-5.294568836688995e-07,100.40148162841797,100.4014663696289,790.7969360351562,790.7969360351562,790.7969360351562,550.3856201171875,0.0,0.0,34.908233642578125,0.0010999999940395355,0.02200000174343586,0.03299999609589577,78.25286865234375,5655.8173828125,114276.53125,0.02126905508339405,0.0,3.1392715754918754e-05,2281.03857421875,0.0,0.231320321559906,0.0191325880587101,0.0,0.0,34.8390007019043,0.0,0.0,1600.0,0.0,50.0,0.0,0.0,0.0,50.0,50.0,200.0,1.0,1.0,1.0000001192092896,0.0
1720.0,155.49288940429688,309.97430419921875,327.807861328125,327.8069763183594,292.14105224609375,292.1419372558594,16515.818359375,33031.63671875,66.97394561767578,66.97398376464844,1915.8575439453125,3831.611083984375,1915.844970703125,3831.5859375,288.4569091796875,59.0110969543457,-5.533281637326581e-07,0.0,0.0,2582.69677734375,1290.12646484375,0.0,34.90839385986328,2906.62255859375,11.836806297302246,11.836852073669434,971.0772094726562,1942.0587158203125,49.99991989135742,49.99992370605469,100.0,0.0,0.0,344.9886474609375,0.0,7.924896240234375,17.1807861328125,17.18166732788086,0.0,1.034000039100647,0.9067617654800415,50.0,0.09999999403953552,2.2908034324645996,0.0,0.0,0.0,0.0,2.0437885384574925,0.0,0.0,-0.0,0.0029870958533138037,-0.0029876253101974726,0.0,-5.294568836688995e-07,100.40148162841797,100.4014663696289,790.7969360351562,790.7969360351562,790.7969360351562,550.3856201171875,0.0,0.0,34.90839385986328,0.0010999999940395355,0.02200000174343586,0.03299999609589577,78.25286865234375,5655.8173828125,114276.53125,0.02126905508339405,0.0,3.1392715754918754e-05,2294.37353515625,0.0,0.231320321559906,0.0191325880587101,0.0,0.0,34.8390007019043,0.0,0.0,1600.0,0.0,50.0,0.0,0.0,0.0,50.0,50.0,200.0,1.0,1.0,1.0000001192092896,0.0
1730.0,155.49322509765625,309.97430419921875,327.807861328125,327.8069763183594,292.14105224609375,292.1419372558594,16515.818359375,33031.63671875,66.97394561767578,66.97398376464844,1915.8575439453125,3831.611083984375,1915.844970703125,3831.5859375,288.4568786621094,59.01105499267578,3.5874818422598764e-06,0.0,0.0,2582.696044921875,1290.12646484375,0.0,34.90852737426758,2906.62255859375,11.836806297302246,11.836852073669434,971.0772094726562,1942.0587158203125,49.99991989135742,49.99992370605469,100.0,0.0,0.0,344.98883056640625,0.0,7.924896240234375,17.18095588684082,17.18183708190918,0.0,1.034000039100647,0.9067617654800415,50.0,0.09999999403953552,2.2908034324645996,0.0,0.0,0.0,0.0,1.9473834222776343,0.0,0.0,-0.0,0.0029870958533138037,-0.0029876253101974726,0.0,-5.294568836688995e-07,100.40148162841797,100.4014663696289,790.7969360351562,790.7969360351562,790.7969360351562,550.3856201171875,0.0,0.0,34.90852737426758,0.0010999999940395355,0.02200000174343586,0.03299999609589577,78.25286865234375,5655.8173828125,114276.53125,0.02126905508339405,0.0,3.1392715754918754e-05,2307.70849609375,0.0,0.231320321559906,0.0191325880587101,0.0,0.0,34.8390007019043,0.0,0.0,1600.0,0.0,50.0,0.0,0.0,0.0,50.0,50.0,200.0,1.0,1.0,1.0000001192092896,0.0
1740.0,155.49356079101562,309.97430419921875,327.807861328125,327.8069763183594,292.14105224609375,292.1419372558594,16515.818359375,33031.63671875,66.97394561767578,66.97398376464844,1915.8575439453125,3831.611083984375,1915.844970703125,3831.5859375,288.4568786621094,59.01104736328125,2.4430726170976413e-06,0.0,0.0,2582.69482421875,1290.12646484375,0.0,34.908592224121094,2906.62255859375,11.836806297302246,11.836852073669434,971.0772094726562,1942.0587158203125,49.99991989135742,49.99992370605469,100.0,0.0,0.0,344.9889831542969,0.0,7.924896240234375,17.18112564086914,17.1820068359375,0.0,1.034000039100647,0.9067617654800415,50.0,0.09999999403953552,2.2908034324645996,0.0,0.0,0.0,0.0,1.850978306097776,0.0,0.0,-0.0,0.0029870958533138037,-0.0029876253101974726,0.0,-5.294568836688995e-07,100.40148162841797,100.4014663696289,790.7969360351562,790.7969360351562,790.7969360351562,550.3856201171875,0.0,0.0,34.908592224121094,0.0010999999940395355,0.02200000174343586,0.03299999609589577,78.25286865234375,5655.8173828125,114276.53125,0.02126905508339405,0.0,3.1392715754918754e-05,2321.04345703125,0.0,0.231320321559906,0.0191325880587101,0.0,0.0,34.8390007019043,0.0,0.0,1600.0,0.0,50.0,0.0,0.0,0.0,50.0,50.0,200.0,1.0,1.0,1.0000001192092896,0.0
1750.0,155.493896484375,309.97430419921875,327.807861328125,327.8069763183594,292.14105224609375,292.1419372558594,16515.818359375,33031.63671875,66.97394561767578,66.97398376464844,1915.8575439453125,3831.611083984375,1915.844970703125,3831.5859375,288.4568786621094,59.011043548583984,1.870867890829686e-06,0.0,0.0,2582.694091796875,1290.12646484375,0.0,34.909934997558594,2906.62255859375,11.836806297302246,11.836852073669434,971.0772094726562,1942.0587158203125,49.99991989135742,49.99992370605469,100.0,0.0,0.0,344.98919677734375,0.0,7.924896240234375,17.18132972717285,17.18221092224121,0.0,1.034000039100647,0.9067617654800415,50.0,0.09999999403953552,2.2908034324645996,0.0,0.0,0.0,0.0,1.7545731899179178,0.0,0.0,-0.0,0.0029870958533138037,-0.0029876253101974726,0.0,-5.294568836688995e-07,100.40148162841797,100.4014663696289,790.7969360351562,790.7969360351562,790.7969360351562,550.3856201171875,0.0,0.0,34.909934997558594,0.0010999999940395355,0.02200000174343586,0.03299999609589577,78.25286865234375,5655.8173828125,114276.53125,0.02126905508339405,0.0,3.1392715754918754e-05,2334.37841796875,0.0,0.231320321559906,0.0191325880587101,0.0,0.0,34.8390007019043,0.0,0.0,1600.0,0.0,50.0,0.0,0.0,0.0,50.0,50.0,200.0,1.0,1.0,1.0000001192092896,0.0
1760.0,155.49423217773438,309.97430419921875,327.807861328125,327.8069763183594,292.14105224609375,292.1419372558594,16515.818359375,33031.63671875,66.97394561767578,66.97398376464844,1915.8575439453125,3831.611083984375,1915.844970703125,3831.5859375,288.4568786621094,59.01104736328125,2.4430726170976413e-06,0.0,0.0,2582.69287109375,1290.12646484375,0.0,34.907230377197266,2906.62255859375,11.836806297302246,11.836852073669434,971.0772094726562,1942.0587158203125,49.99991989135742,49.99992370605469,100.0,0.0,0.0,344.9893493652344,0.0,7.924896240234375,17.181499481201172,17.18238067626953,0.0,1.034000039100647,0.9067617654800415,50.0,0.09999999403953552,2.2908034324645996,0.0,0.0,0.0,0.0,1.6581680737380593,0.0,0.0,-0.0,0.0029870958533138037,-0.0029876253101974726,0.0,-5.294568836688995e-07,100.40148162841797,100.4014663696289,790.7969360351562,790.7969360351562,790.7969360351562,550.3856201171875,0.0,0.0,34.907230377197266,0.0010999999940395355,0.02200000174343586,0.03299999609589577,78.25286865234375,5655.8173828125,114276.53125,0.02126905508339405,0.0,3.1392715754918754e-05,2347.71337890625,0.0,0.231320321559906,0.0191325880587101,0.0,0.0,34.8390007019043,0.0,0.0,1600.0,0.0,50.0,0.0,0.0,0.0,50.0,50.0,200.0,1.0,1.0,1.0000001192092896,0.0
1770.0,155.49456787109375,309.97430419921875,327.807861328125,327.8069763183594,292.14105224609375,292.1419372558594,16515.818359375,33031.63671875,66.97394561767578,66.97398376464844,1915.8575439453125,3831.611083984375,1915.844970703125,3831.5859375,288.4568786621094,59.011043548583984,1.870867890829686e-06,0.0,0.0,2582.692138671875,1290.12646484375,0.0,34.9085693359375,2906.62255859375,11.836806297302246,11.836852073669434,971.0772094726562,1942.0587158203125,49.99991989135742,49.99992370605469,100.0,0.0,0.0,344.9895324707031,0.0,7.924896240234375,17.18166732788086,17.18255043029785,0.0,1.034000039100647,0.9067617654800415,50.0,0.09999999403953552,2.2908034324645996,0.0,0.0,0.0,0.0,1.561762957558201,0.0,0.0,-0.0,0.0029870958533138037,-0.0029876253101974726,0.0,-5.294568836688995e-07,100.40148162841797,100.4014663696289,790.7969360351562,790.7969360351562,790.7969360351562,550.3856201171875,0.0,0.0,34.9085693359375,0.0010999999940395355,0.02200000174343586,0.03299999609589577,78.25286865234375,5655.8173828125,114276.53125,0.02126905508339405,0.0,3.1392715754918754e-05,2361.04833984375,0.0,0.231320321559906,0.0191325880587101,0.0,0.0,34.8390007019043,0.0,0.0,1600.0,0.0,50.0,0.0,0.0,0.0,50.0,50.0,200.0,1.0,1.0,1.0000001192092896,0.0
1780.0,155.49490356445312,309.97430419921875,327.807861328125,327.8069763183594,292.14105224609375,292.1419372558594,16515.818359375,33031.63671875,66.97394561767578,66.97398376464844,1915.8575439453125,3831.611083984375,1915.844970703125,3831.5859375,288.4568786621094,59.011043548583984,1.870867890829686e-06,0.0,0.0,2582.69091796875,1290.12646484375,0.0,34.907230377197266,2906.62255859375,11.836806297302246,11.836852073669434,971.0772094726562,1942.0587158203125,49.99991989135742,49.99992370605469,100.0,0.0,0.0,344.9897155761719,0.0,7.924896240234375,17.18183708190918,17.182720184326172,0.0,1.034000039100647,0.9067617654800415,50.0,0.09999999403953552,2.2908034324645996,0.0,0.0,0.0,0.0,1.4653578413783428,0.0,0.0,-0.0,0.0029870958533138037,-0.0029876253101974726,0.0,-5.294568836688995e-07,100.40148162841797,100.4014663696289,790.7969360351562,790.7969360351562,790.7969360351562,550.3856201171875,0.0,0.0,34.907230377197266,0.0010999999940395355,0.02200000174343586,0.03299999609589577,78.25286865234375,5655.8173828125,114276.53125,0.02126905508339405,0.0,3.1392715754918754e-05,2374.38330078125,0.0,0.231320321559906,0.0191325880587101,0.0,0.0,34.8390007019043,0.0,0.0,1600.0,0.0,50.0,0.0,0.0,0.0,50.0,50.0,200.0,1.0,1.0,1.0000001192092896,0.0
1790.0,155.4952392578125,309.97430419921875,327.807861328125,327.8069763183594,292.14105224609375,292.1419372558594,16515.818359375,33031.63671875,66.97394561767578,66.97398376464844,1915.8575439453125,3831.611083984375,1915.844970703125,3831.5859375,288.4568786621094,59.011043548583984,1.870867890829686e-06,0.0,0.0,2582.690185546875,1290.1263427734375,0.0,34.909934997558594,2906.62255859375,11.836806297302246,11.836852073669434,971.0772094726562,1942.0587158203125,49.99991989135742,49.99992370605469,100.0,0.0,0.0,344.9898681640625,0.0,7.924896240234375,17.1820068359375,17.18288803100586,0.0,1.034000039100647,0.9067617654800415,50.0,0.09999999403953552,2.2908034324645996,0.0,0.0,0.0,0.0,1.3689527251984845,0.0,0.0,-0.0,0.0029870958533138037,-0.0029876253101974726,0.0,-5.294568836688995e-07,100.40148162841797,100.4014663696289,790.7969360351562,790.7969360351562,790.7969360351562,550.3856201171875,0.0,0.0,34.909934997558594,0.0010999999940395355,0.02200000174343586,0.03299999609589577,78.25286865234375,5655.8173828125,114276.53125,0.02126905508339405,0.0,3.1392715754918754e-05,2387.71826171875,0.0,0.231320321559906,0.0191325880587101,0.0,0.0,34.8390007019043,0.0,0.0,1600.0,0.0,50.0,0.0,0.0,0.0,50.0,50.0,200.0,1.0,1.0,1.0000001192092896,0.0
1800.0,155.49557495117188,309.97430419921875,327.807861328125,327.8069763183594,292.14105224609375,292.1419372558594,16515.818359375,33031.63671875,66.97394561767578,66.97398376464844,1915.8575439453125,3831.611083984375,1915.844970703125,3831.5859375,288.4568786621094,59.01105880737305,4.159686341154156e-06,0.0,0.0,2582.68896484375,1290.1263427734375,0.0,34.90718460083008,2906.62255859375,11.836806297302246,11.836852073669434,971.0772094726562,1942.0587158203125,49.99991989135742,49.99992370605469,100.0,0.0,0.0,344.99005126953125,0.0,7.924896240234375,17.18217658996582,17.18305778503418,0.0,1.034000039100647,0.9067617654800415,50.0,0.09999999403953552,2.2908034324645996,0.0,0.0,0.0,0.0,1.2725476090186263,0.0,0.0,-0.0,0.0029870958533138037,-0.0029876253101974726,0.0,-5.294568836688995e-07,100.40148162841797,100.4014663696289,790.7969360351562,790.7969360351562,790.7969360351562,550.3856201171875,0.0,0.0,34.90718460083008,0.0010999999940395355,0.02200000174343586,0.03299999609589577,78.25286865234375,5655.8173828125,114276.53125,0.02126905508339405,0.0,3.1392715754918754e-05,2401.05322265625,0.0,0.231320321559906,0.0191325880587101,0.0,0.0,34.8390007019043,0.0,0.0,1600.0,0.0,50.0,0.0,0.0,0.0,50.0,50.0,200.0,1.0,1.0,1.0000001192092896,0.0
1810.0,155.49591064453125,309.97430419921875,327.807861328125,327.8069763183594,292.14105224609375,292.1419372558594,16515.818359375,33031.63671875,66.97394561767578,66.97398376464844,1915.8575439453125,3831.611083984375,1915.844970703125,3831.5859375,288.4569091796875,59.01108932495117,-1.6977373888948932e-06,0.0,0.0,2582.68798828125,1290.1263427734375,0.0,34.907073974609375,2906.62255859375,11.836806297302246,11.836852073669434,971.0772094726562,1942.0587158203125,49.99991989135742,49.99992370605469,100.0,0.0,0.0,344.9902038574219,0.0,7.924896240234375,17.18234634399414,17.1832275390625,0.0,1.034000039100647,0.9067617654800415,50.0,0.09999999403953552,2.2908034324645996,0.0,0.0,0.0,0.0,1.176142492838768,0.0,0.0,-0.0,0.0029870958533138037,-0.0029876253101974726,0.0,-5.294568836688995e-07,100.40148162841797,100.4014663696289,790.7969360351562,790.7969360351562,790.7969360351562,550.3856201171875,0.0,0.0,34.907073974609375,0.0010999999940395355,0.02200000174343586,0.03299999609589577,78.25286865234375,5655.8173828125,114276.53125,0.02126905508339405,0.0,3.1392715754918754e-05,2414.38818359375,0.0,0.231320321559906,0.0191325880587101,0.0,0.0,34.8390007019043,0.0,0.0,1600.0,0.0,50.0,0.0,0.0,0.0,50.0,50.0,200.0,1.0,1.0,1.0000001192092896,0.0
1820.0,155.49603271484375,309.97430419921875,327.807861328125,327.8069763183594,292.14105224609375,292.1419372558594,16515.818359375,33031.63671875,66.97394561767578,66.97398376464844,1915.8575439453125,3831.611083984375,1915.844970703125,3831.5859375,288.4568786621094,59.01105880737305,4.159686341154156e-06,0.0,0.0,2582.6875,1290.1263427734375,0.0,34.90852737426758,2906.62255859375,11.836806297302246,11.836852073669434,971.0772094726562,1942.0587158203125,49.99991989135742,49.99992370605469,100.0,0.0,0.0,344.9902648925781,0.0,7.924896240234375,17.182415008544922,17.18329620361328,0.0,1.034000039100647,0.9067617654800415,50.0,0.09999999403953552,2.2908034324645996,0.0,0.0,0.0,0.0,1.137580421218659,0.0,0.0,-0.0,0.0029870958533138037,-0.0029876253101974726,0.0,-5.294568836688995e-07,100.40148162841797,100.4014663696289,790.7969360351562,790.7969360351562,790.7969360351562,550.3856201171875,0.0,0.0,34.90852737426758,0.0010999999940395355,0.02200000174343586,0.03299999609589577,78.25286865234375,5655.8173828125,114276.53125,0.02126905508339405,0.0,3.1392715754918754e-05,2427.72314453125,0.0,0.231320321559906,0.0191325880587101,0.0,0.0,34.8390007019043,0.0,0.0,1600.0,0.0,50.0,0.0,0.0,0.0,50.0,50.0,200.0,1.0,1.0,1.0000001192092896,0.0
1830.0,155.4960479736328,309.97430419921875,327.807861328125,327.8069763183594,292.14105224609375,292.1419372558594,16515.818359375,33031.63671875,66.97394561767578,66.97398376464844,1915.8575439453125,3831.611083984375,1915.844970703125,3831.5859375,288.45684814453125,59.01099395751953,4.8672686716599856e-06,0.0,0.0,2582.6875,1290.1263427734375,0.0,34.90875244140625,2906.62255859375,11.836806297302246,11.836852073669434,971.0772094726562,1942.0587158203125,49.99991989135742,49.99992370605469,100.0,0.0,0.0,344.9902648925781,0.0,7.924896240234375,17.182415008544922,17.18329620361328,0.0,1.034000039100647,0.9067617654800415,50.0,0.09999999403953552,2.2908034324645996,0.0,0.0,0.0,0.0,1.1327601465485417,0.0,0.0,-0.0,0.0029870958533138037,-0.0029876253101974726,0.0,-5.294568836688995e-07,100.40148162841797,100.4014663696289,790.7969360351562,790.7969360351562,790.7969360351562,550.3856201171875,0.0,0.0,34.90875244140625,0.0010999999940395355,0.02200000174343586,0.03299999609589577,78.25286865234375,5655.8173828125,114276.53125,0.02126905508339405,0.0,3.1392715754918754e-05,2441.05810546875,0.0,0.231320321559906,0.0191325880587101,0.0,0.0,34.8390007019043,0.0,0.0,1600.0,0.0,50.0,0.0,0.0,0.0,50.0,50.0,200.0,1.0,1.0,1.0000001192092896,0.0
1840.0,155.49606323242188,309.97430419921875,327.807861328125,327.8069763183594,292.14105224609375,292.1419372558594,16515.818359375,33031.63671875,66.97394561767578,66.97398376464844,1915.8575439453125,3831.611083984375,1915.844970703125,3831.5859375,288.4568176269531,59.010921478271484,4.430442004377255e-06,0.0,0.0,2582.6875,1290.1263427734375,0.0,34.91035842895508,2906.62255859375,11.836806297302246,11.836852073669434,971.0772094726562,1942.0587158203125,49.99991989135742,49.99992370605469,100.0,0.0,0.0,344.9903259277344,0.0,7.924896240234375,17.18244743347168,17.183330535888672,0.0,1.034000039100647,0.9067617654800415,50.0,0.09999999403953552,2.2908034324645996,0.0,0.0,0.0,0.0,1.1279398718784246,0.0,0.0,-0.0,0.0029870958533138037,-0.0029876253101974726,0.0,-5.294568836688995e-07,100.40148162841797,100.4014663696289,790.7969360351562,790.7969360351562,790.7969360351562,550.3856201171875,0.0,0.0,34.91035842895508,0.0010999999940395355,0.02200000174343586,0.03299999609589577,78.25286865234375,5655.8173828125,114276.53125,0.02126905508339405,0.0,3.1392715754918754e-05,2454.39306640625,0.0,0.231320321559906,0.0191325880587101,0.0,0.0,34.8390007019043,0.0,0.0,1600.0,0.0,50.0,0.0,0.0,0.0,50.0,50.0,200.0,1.0,1.0,1.0000001192092896,0.0
1850.0,155.49607849121094,309.97430419921875,327.807861328125,327.8069763183594,292.14105224609375,292.1419372558594,16515.818359375,33031.63671875,66.97394561767578,66.97398376464844,1915.8575439453125,3831.611083984375,1915.844970703125,3831.5859375,288.4568176269531,59.01085662841797,-5.297036750562256e-06,0.0,0.0,2582.6875,1290.1263427734375,0.0,34.90928649902344,2906.62255859375,11.836806297302246,11.836852073669434,971.0772094726562,1942.0587158203125,49.99991989135742,49.99992370605469,100.0,0.0,0.0,344.9903259277344,0.0,7.924896240234375,17.18244743347168,17.183330535888672,0.0,1.034000039100647,0.9067617654800415,50.0,0.09999999403953552,2.2908034324645996,0.0,0.0,0.0,0.0,1.1231195972083075,0.0,0.0,-0.0,0.0029870958533138037,-0.0029876253101974726,0.0,-5.294568836688995e-07,100.40148162841797,100.4014663696289,790.7969360351562,790.7969360351562,790.7969360351562,550.3856201171875,0.0,0.0,34.90928649902344,0.0010999999940395355,0.02200000174343586,0.03299999609589577,78.25286865234375,5655.8173828125,114276.53125,0.02126905508339405,0.0,3.1392715754918754e-05,2467.72802734375,0.0,0.231320321559906,0.0191325880587101,0.0,0.0,34.8390007019043,0.0,0.0,1600.0,0.0,50.0,0.0,0.0,0.0,50.0,50.0,200.0,1.0,1.0,1.0000001192092896,0.0
1860.0,155.49610900878906,309.97430419921875,327.807861328125,327.8069763183594,292.14105224609375,292.1419372558594,16515.818359375,33031.63671875,66.97394561767578,66.97398376464844,1915.8575439453125,3831.611083984375,1915.844970703125,3831.5859375,288.456787109375,59.01078414916992,4.701196758105652e-06,0.0,0.0,2582.6875,1290.1263427734375,0.0,34.91089630126953,2906.62255859375,11.836806297302246,11.836852073669434,971.0772094726562,1942.0587158203125,49.99991989135742,49.99992370605469,100.0,0.0,0.0,344.9903259277344,0.0,7.924896240234375,17.18244743347168,17.183330535888672,0.0,1.034000039100647,0.9067617654800415,50.0,0.09999999403953552,2.2908034324645996,0.0,0.0,0.0,0.0,1.118299448279019,0.0,0.0,-0.0,0.0029870958533138037,-0.0029876253101974726,0.0,-5.294568836688995e-07,100.40148162841797,100.4014663696289,790.7969360351562,790.7969360351562,790.7969360351562,550.3856201171875,0.0,0.0,34.91089630126953,0.0010999999940395355,0.02200000174343586,0.03299999609589577,78.25286865234375,5655.8173828125,114276.53125,0.02126905508339405,0.0,3.1392715754918754e-05,2481.06298828125,0.0,0.231320321559906,0.0191325880587101,0.0,0.0,34.8390007019043,0.0,0.0,1600.0,0.0,50.0,0.0,0.0,0.0,50.0,50.0,200.0,1.0,1.0,1.0000001192092896,0.0
1870.0,155.49612426757812,309.97430419921875,327.807861328125,327.8069763183594,292.14105224609375,292.1419372558594,16515.818359375,33031.63671875,66.97394561767578,66.97398376464844,1915.8575439453125,3831.611083984375,1915.844970703125,3831.5859375,288.4567565917969,59.01071548461914,4.836575044464553e-06,0.0,0.0,2582.6875,1290.1263427734375,0.0,34.911163330078125,2906.62255859375,11.836806297302246,11.836852073669434,971.0772094726562,1942.0587158203125,49.99991989135742,49.99992370605469,100.0,0.0,0.0,344.9903259277344,0.0,7.924896240234375,17.18244743347168,17.183330535888672,0.0,1.034000039100647,0.9067617654800415,50.0,0.09999999403953552,2.2908034324645996,0.0,0.0,0.0,0.0,1.1134791736089016,0.0,0.0,-0.0,0.0029870958533138037,-0.0029876253101974726,0.0,-5.294568836688995e-07,100.40148162841797,100.4014663696289,790.7969360351562,790.7969360351562,790.7969360351562,550.3856201171875,0.0,0.0,34.911163330078125,0.0010999999940395355,0.02200000174343586,0.03299999609589577,78.25286865234375,5655.8173828125,114276.53125,0.02126905508339405,0.0,3.1392715754918754e-05,2494.39794921875,0.0,0.231320321559906,0.0191325880587101,0.0,0.0,34.8390007019043,0.0,0.0,1600.0,0.0,50.0,0.0,0.0,0.0,50.0,50.0,200.0,1.0,1.0,1.0000001192092896,0.0
1880.0,155.4961395263672,309.97430419921875,327.807861328125,327.8069763183594,292.14105224609375,292.1419372558594,16515.818359375,33031.63671875,66.97394561767578,66.97398376464844,1915.8575439453125,3831.611083984375,1915.844970703125,3831.5859375,288.4567565917969,59.010650634765625,-4.890903710474959e-06,0.0,0.0,2582.687255859375,1290.1263427734375,0.0,34.91141128540039,2906.62255859375,11.836806297302246,11.836852073669434,971.0772094726562,1942.0587158203125,49.99991989135742,49.99992370605469,100.0,0.0,0.0,344.9903564453125,0.0,7.924896240234375,17.18248176574707,17.18336296081543,0.0,1.034000039100647,0.9067617654800415,50.0,0.09999999403953552,2.2908034324645996,0.0,0.0,0.0,0.0,1.1086588989387844,0.0,0.0,-0.0,0.0029870958533138037,-0.0029876253101974726,0.0,-5.294568836688995e-07,100.40148162841797,100.4014663696289,790.7969360351562,790.7969360351562,790.7969360351562,550.3856201171875,0.0,0.0,34.91141128540039,0.0010999999940395355,0.02200000174343586,0.03299999609589577,78.25286865234375,5655.8173828125,114276.53125,0.02126905508339405,0.0,3.1392715754918754e-05,2507.73291015625,0.0,0.231320321559906,0.0191325880587101,0.0,0.0,34.8390007019043,0.0,0.0,1600.0,0.0,50.0,0.0,0.0,0.0,50.0,50.0,200.0,1.0,1.0,1.0000001192092896,0.0
1890.0,155.49615478515625,309.97430419921875,327.807861328125,327.8069763183594,292.14105224609375,292.1419372558594,16515.818359375,33031.63671875,66.97394561767578,66.97398376464844,1915.8575439453125,3831.611083984375,1915.844970703125,3831.5859375,288.4566955566406,59.01057815551758,5.107330252940301e-06,0.0,0.0,2582.687255859375,1290.1263427734375,0.0,34.911678314208984,2906.62255859375,11.836806297302246,11.836852073669434,971.0772094726562,1942.0587158203125,49.99991989135742,49.99992370605469,100.0,0.0,0.0,344.9903564453125,0.0,7.924896240234375,17.18248176574707,17.18336296081543,0.0,1.034000039100647,0.9067617654800415,50.0,0.09999999403953552,2.2908034324645996,0.0,0.0,0.0,0.0,1.1038386242686673,0.0,0.0,-0.0,0.0029870958533138037,-0.0029876253101974726,0.0,-5.294568836688995e-07,100.40148162841797,100.4014663696289,790.7969360351562,790.7969360351562,790.7969360351562,550.3856201171875,0.0,0.0,34.911678314208984,0.0010999999940395355,0.02200000174343586,0.03299999609589577,78.25286865234375,5655.8173828125,114276.53125,0.02126905508339405,0.0,3.1392715754918754e-05,2521.06787109375,0.0,0.231320321559906,0.0191325880587101,0.0,0.0,34.8390007019043,0.0,0.0,1600.0,0.0,50.0,0.0,0.0,0.0,50.0,50.0,200.0,1.0,1.0,1.0000001192092896,0.0
1900.0,155.4961700439453,309.97430419921875,327.807861328125,327.8069763183594,292.14105224609375,292.1419372558594,16515.818359375,33031.63671875,66.97394561767578,66.97398376464844,1915.8575439453125,3831.611083984375,1915.844970703125,3831.5859375,288.4566650390625,59.01050567626953,4.67050313091022e-06,0.0,0.0,2582.687255859375,1290.1263427734375,0.0,34.91058349609375,2906.62255859375,11.836806297302246,11.836852073669434,971.0772094726562,1942.0587158203125,49.99991989135742,49.99992370605469,100.0,0.0,0.0,344.9903564453125,0.0,7.924896240234375,17.18248176574707,17.18336296081543,0.0,1.034000039100647,0.9067617654800415,50.0,0.09999999403953552,2.2908034324645996,0.0,0.0,0.0,0.0,1.09901834959855,0.0,0.0,-0.0,0.0029870958533138037,-0.0029876253101974726,0.0,-5.294568836688995e-07,100.40148162841797,100.4014663696289,790.7969360351562,790.7969360351562,790.7969360351562,550.3856201171875,0.0,0.0,34.91058349609375,0.0010999999940395355,0.02200000174343586,0.03299999609589577,78.25286865234375,5655.8173828125,114276.53125,0.02126905508339405,0.0,3.1392715754918754e-05,2534.40283203125,0.0,0.231320321559906,0.0191325880587101,0.0,0.0,34.8390007019043,0.0,0.0,1600.0,0.0,50.0,0.0,0.0,0.0,50.0,50.0,200.0,1.0,1.0,1.0000001192092896,0.0
1910.0,155.49618530273438,309.97430419921875,327.807861328125,327.8069763183594,292.14105224609375,292.1419372558594,16515.818359375,33031.63671875,66.97394561767578,66.97398376464844,1915.8575439453125,3831.611083984375,1915.844970703125,3831.5859375,288.4566345214844,59.010433197021484,4.233676008880138e-06,0.0,0.0,2582.687255859375,1290.1263427734375,0.0,34.912193298339844,2906.62255859375,11.836806297302246,11.836852073669434,971.0772094726562,1942.0587158203125,49.99991989135742,49.99992370605469,100.0,0.0,0.0,344.9903564453125,0.0,7.924896240234375,17.18248176574707,17.18336296081543,0.0,1.034000039100647,0.9067617654800415,50.0,0.09999999403953552,2.2908034324645996,0.0,0.0,0.0,0.0,1.0941980749284328,0.0,0.0,-0.0,0.0029870958533138037,-0.0029876253101974726,0.0,-5.294568836688995e-07,100.40148162841797,100.4014663696289,790.7969360351562,790.7969360351562,790.7969360351562,550.3856201171875,0.0,0.0,34.912193298339844,0.0010999999940395355,0.02200000174343586,0.03299999609589577,78.25286865234375,5655.8173828125,114276.53125,0.02126905508339405,0.0,3.1392715754918754e-05,2547.73779296875,0.0,0.231320321559906,0.0191325880587101,0.0,0.0,34.8390007019043,0.0,0.0,1600.0,0.0,50.0,0.0,0.0,0.0,50.0,50.0,200.0,1.0,1.0,1.0000001192092896,0.0
1920.0,155.49620056152344,309.97430419921875,327.807861328125,327.8069763183594,292.14105224609375,292.1419372558594,16515.818359375,33031.63671875,66.97394561767578,66.97398376464844,1915.8575439453125,3831.611083984375,1915.844970703125,3831.5859375,288.45660400390625,59.01036834716797,4.941258339385968e-06,0.0,0.0,2582.68701171875,1290.1263427734375,0.0,34.912437438964844,2906.62255859375,11.836806297302246,11.836852073669434,971.0772094726562,1942.0587158203125,49.99991989135742,49.99992370605469,100.0,0.0,0.0,344.9903869628906,0.0,7.924896240234375,17.18251609802246,17.18339729309082,0.0,1.034000039100647,0.9067617654800415,50.0,0.09999999403953552,2.2908034324645996,0.0,0.0,0.0,0.0,1.0893779259991443,0.0,0.0,-0.0,0.0029870958533138037,-0.0029876253101974726,0.0,-5.294568836688995e-07,100.40148162841797,100.4014663696289,790.7969360351562,790.7969360351562,790.7969360351562,550.3856201171875,0.0,0.0,34.912437438964844,0.0010999999940395355,0.02200000174343586,0.03299999609589577,78.25286865234375,5655.8173828125,114276.53125,0.02126905508339405,0.0,3.1392715754918754e-05,2561.07275390625,0.0,0.231320321559906,0.0191325880587101,0.0,0.0,34.8390007019043,0.0,0.0,1600.0,0.0,50.0,0.0,0.0,0.0,50.0,50.0,200.0,1.0,1.0,1.0000001192092896,0.0
1930.0,155.4962158203125,309.97430419921875,327.807861328125,327.8069763183594,292.14105224609375,292.1419372558594,16515.818359375,33031.63671875,66.97394561767578,66.97398376464844,1915.8575439453125,3831.611083984375,1915.844970703125,3831.5859375,288.45660400390625,59.01030349731445,-4.786219960806193e-06,0.0,0.0,2582.68701171875,1290.1263427734375,0.0,34.9127082824707,2906.62255859375,11.836806297302246,11.836852073669434,971.0772094726562,1942.0587158203125,49.99991989135742,49.99992370605469,100.0,0.0,0.0,344.9903869628906,0.0,7.924896240234375,17.18251609802246,17.18339729309082,0.0,1.034000039100647,0.9067617654800415,50.0,0.09999999403953552,2.2908034324645996,0.0,0.0,0.0,0.0,1.0845576513290272,0.0,0.0,-0.0,0.0029870958533138037,-0.0029876253101974726,0.0,-5.294568836688995e-07,100.40148162841797,100.4014663696289,790.7969360351562,790.7969360351562,790.7969360351562,550.3856201171875,0.0,0.0,34.9127082824707,0.0010999999940395355,0.02200000174343586,0.03299999609589577,78.25286865234375,5655.8173828125,114276.53125,0.02126905508339405,0.0,3.1392715754918754e-05,2574.40771484375,0.0,0.231320321559906,0.0191325880587101,0.0,0.0,34.8390007019043,0.0,0.0,1600.0,0.0,50.0,0.0,0.0,0.0,50.0,50.0,200.0,1.0,1.0,1.0000001192092896,0.0
1940.0,155.49623107910156,309.97430419921875,327.807861328125,327.8069763183594,292.14105224609375,292.1419372558594,16515.818359375,33031.63671875,66.97394561767578,66.97398376464844,1915.8575439453125,3831.611083984375,1915.844970703125,3831.5859375,288.4565734863281,59.010231018066406,-5.223047082836274e-06,0.0,0.0,2582.68701171875,1290.1263427734375,0.0,34.9129753112793,2906.62255859375,11.836806297302246,11.836852073669434,971.0772094726562,1942.0587158203125,49.99991989135742,49.99992370605469,100.0,0.0,0.0,344.9903869628906,0.0,7.924896240234375,17.18251609802246,17.18339729309082,0.0,1.034000039100647,0.9067617654800415,50.0,0.09999999403953552,2.2908034324645996,0.0,0.0,0.0,0.0,1.0797373766589098,0.0,0.0,-0.0,0.0029870958533138037,-0.0029876253101974726,0.0,-5.294568836688995e-07,100.40148162841797,100.4014663696289,790.7969360351562,790.7969360351562,790.7969360351562,550.3856201171875,0.0,0.0,34.9129753112793,0.0010999999940395355,0.02200000174343586,0.03299999609589577,78.25286865234375,5655.8173828125,114276.53125,0.02126905508339405,0.0,3.1392715754918754e-05,2587.74267578125,0.0,0.231320321559906,0.0191325880587101,0.0,0.0,34.8390007019043,0.0,0.0,1600.0,0.0,50.0,0.0,0.0,0.0,50.0,50.0,200.0,1.0,1.0,1.0000001192092896,0.0
1950.0,155.4962615966797,309.97430419921875,327.807861328125,327.8069763183594,292.14105224609375,292.1419372558594,16515.818359375,33031.63671875,66.97394561767578,66.97398376464844,1915.8575439453125,3831.611083984375,1915.844970703125,3831.5859375,288.4565124511719,59.01015853881836,4.7751868805789854e-06,0.0,0.0,2582.68701171875,1290.1263427734375,0.0,34.91188049316406,2906.62255859375,11.836806297302246,11.836852073669434,971.0772094726562,1942.0587158203125,49.99991989135742,49.99992370605469,100.0,0.0,0.0,344.9903869628906,0.0,7.924896240234375,17.18251609802246,17.18339729309082,0.0,1.034000039100647,0.9067617654800415,50.0,0.09999999403953552,2.2908034324645996,0.0,0.0,0.0,0.0,1.0749171019887926,0.0,0.0,-0.0,0.0029870958533138037,-0.0029876253101974726,0.0,-5.294568836688995e-07,100.40148162841797,100.4014663696289,790.7969360351562,790.7969360351562,790.7969360351562,550.3856201171875,0.0,0.0,34.91188049316406,0.0010999999940395355,0.02200000174343586,0.03299999609589577,78.25286865234375,5655.8173828125,114276.53125,0.02126905508339405,0.0,3.1392715754918754e-05,2601.07763671875,0.0,0.231320321559906,0.0191325880587101,0.0,0.0,34.8390007019043,0.0,0.0,1600.0,0.0,50.0,0.0,0.0,0.0,50.0,50.0,200.0,1.0,1.0,1.0000001192092896,0.0
1960.0,155.49627685546875,309.97430419921875,327.807861328125,327.8069763183594,292.14105224609375,292.1419372558594,16515.818359375,33031.63671875,66.97394561767578,66.97398376464844,1915.8575439453125,3831.611083984375,1915.844970703125,3831.5859375,288.4565124511719,59.01008987426758,4.910564257443184e-06,0.0,0.0,2582.68701171875,1290.1263427734375,0.0,34.913509368896484,2906.62255859375,11.836806297302246,11.836852073669434,971.0772094726562,1942.0587158203125,49.99991989135742,49.99992370605469,100.0,0.0,0.0,344.99041748046875,0.0,7.924896240234375,17.18255043029785,17.18343162536621,0.0,1.034000039100647,0.9067617654800415,50.0,0.09999999403953552,2.2908034324645996,0.0,0.0,0.0,0.0,1.0700968273186753,0.0,0.0,-0.0,0.0029870958533138037,-0.0029876253101974726,0.0,-5.294568836688995e-07,100.40148162841797,100.4014663696289,790.7969360351562,790.7969360351562,790.7969360351562,550.3856201171875,0.0,0.0,34.913509368896484,0.0010999999940395355,0.02200000174343586,0.03299999609589577,78.25286865234375,5655.8173828125,114276.53125,0.02126905508339405,0.0,3.1392715754918754e-05,2614.41259765625,0.0,0.231320321559906,0.0191325880587101,0.0,0.0,34.8390007019043,0.0,0.0,1600.0,0.0,50.0,0.0,0.0,0.0,50.0,50.0,200.0,1.0,1.0,1.0000001192092896,0.0
1970.0,155.4962921142578,309.97430419921875,327.807861328125,327.8069763183594,292.14105224609375,292.1419372558594,16515.818359375,33031.63671875,66.97394561767578,66.97398376464844,1915.8575439453125,3831.611083984375,1915.844970703125,3831.5859375,288.4565124511719,59.0100212097168,-5.389118541643256e-06,0.0,0.0,2582.686767578125,1290.1263427734375,0.0,34.91239547729492,2906.62255859375,11.836806297302246,11.836852073669434,971.0772094726562,1942.0587158203125,49.99991989135742,49.99992370605469,100.0,0.0,0.0,344.99041748046875,0.0,7.924896240234375,17.18255043029785,17.18343162536621,0.0,1.034000039100647,0.9067617654800415,50.0,0.09999999403953552,2.2908034324645996,0.0,0.0,0.0,0.0,1.0652765526485581,0.0,0.0,-0.0,0.0029870958533138037,-0.0029876253101974726,0.0,-5.294568836688995e-07,100.40148162841797,100.4014663696289,790.7969360351562,790.7969360351562,790.7969360351562,550.3856201171875,0.0,0.0,34.91239547729492,0.0010999999940395355,0.02200000174343586,0.03299999609589577,78.25286865234375,5655.8173828125,114276.53125,0.02126905508339405,0.0,3.1392715754918754e-05,2627.74755859375,0.0,0.231320321559906,0.0191325880587101,0.0,0.0,34.8390007019043,0.0,0.0,1600.0,0.0,50.0,0.0,0.0,0.0,50.0,50.0,200.0,1.0,1.0,1.0000001192092896,0.0
1980.0,155.49649047851562,309.9742736816406,327.807861328125,327.8069763183594,292.1408386230469,292.1416931152344,16515.818359375,33031.63671875,66.97390747070312,66.97394561767578,1915.85888671875,3831.613525390625,1915.844970703125,3831.5859375,288.4565124511719,59.01007080078125,2.049541308224434e-06,0.0,0.0,2582.686279296875,1290.126220703125,0.0,34.91094207763672,2906.63525390625,11.836808204650879,11.836854934692383,971.0772094726562,1942.0587158203125,49.999855041503906,49.99985885620117,100.0,0.0,0.0,344.9905090332031,0.0,7.924896240234375,17.18265151977539,17.18353271484375,0.0,1.034000039100647,0.9067617654800415,50.0,0.09999999403953552,2.2907931804656982,0.0,0.0,0.0,0.0,1.0122537827589262,0.0,0.0,-0.0,0.002991035580635071,-0.0029909363947808743,0.0,9.918585419654846e-08,100.40205383300781,100.40190887451172,790.7991943359375,790.7990112304688,790.7990112304688,550.3866577148438,0.0,0.0,34.91094207763672,0.0010999999940395355,0.02200000174343586,0.03299999609589577,78.25286865234375,5655.8173828125,114276.53125,0.02126905508339405,0.0,3.1392715754918754e-05,2641.08251953125,0.0,0.231320321559906,0.0191325880587101,0.0,0.0,34.8390007019043,0.0,0.0,1600.0,0.0,50.0,0.0,0.0,0.0,50.0,50.0,200.0,1.0,1.0,1.0000001192092896,0.0
1990.0,155.496826171875,309.9742736816406,327.807861328125,327.8069763183594,292.1408386230469,292.1416931152344,16515.818359375,33031.63671875,66.97390747070312,66.97394561767578,1915.8577880859375,3831.611572265625,1915.844970703125,3831.5859375,288.45660400390625,59.01034927368164,2.0802353901672177e-06,0.0,0.0,2582.685302734375,1290.126220703125,0.0,34.9085693359375,2906.63720703125,11.836812973022461,11.836857795715332,971.0772094726562,1942.0587158203125,49.99989700317383,49.9998893737793,100.0,0.0,0.0,344.9906921386719,0.0,7.924896240234375,17.18282127380371,17.18370246887207,0.0,1.034000039100647,0.9067617654800415,50.0,0.09999999403953552,2.2907917499542236,0.0,0.0,0.0,0.0,0.9158486665790679,0.0,0.0,-0.0,0.002991035580635071,-0.0029914705082774162,0.0,-4.3481122702360153e-07,100.40201568603516,100.4019775390625,790.7993774414062,790.7993774414062,790.7993774414062,550.3868408203125,0.0,0.0,34.9085693359375,0.0010999999940395355,0.02200000174343586,0.03299999609589577,78.25286865234375,5655.8173828125,114276.53125,0.02126905508339405,0.0,3.1392715754918754e-05,2654.41748046875,0.0,0.231320321559906,0.0191325880587101,0.0,0.0,34.8390007019043,0.0,0.0,1600.0,0.0,50.0,0.0,0.0,0.0,50.0,50.0,200.0,1.0,1.0,1.0000001192092896,0.0
2000.0,155.49716186523438,309.9742736816406,327.807861328125,327.8069763183594,292.1408386230469,292.1416931152344,16515.818359375,33031.63671875,66.97390747070312,66.97394561767578,1915.8577880859375,3831.611572265625,1915.844970703125,3831.5859375,288.45672607421875,59.010643005371094,4.3997479224344715e-06,0.0,0.0,2582.684326171875,1290.126220703125,0.0,34.90611267089844,2906.63720703125,11.836812973022461,11.836857795715332,971.0772094726562,1942.0587158203125,49.99989700317383,49.9998893737793,100.0,0.0,0.0,344.9908447265625,0.0,7.924896240234375,17.18299102783203,17.18387222290039,0.0,1.034000039100647,0.9067617654800415,50.0,0.09999999403953552,2.2907917499542236,0.0,0.0,0.0,0.0,0.8194435503992096,0.0,0.0,-0.0,0.002991035580635071,-0.0029914705082774162,0.0,-4.3481122702360153e-07,100.40201568603516,100.4019775390625,790.7993774414062,790.7993774414062,790.7993774414062,550.3868408203125,0.0,0.0,34.90611267089844,0.0010999999940395355,0.02200000174343586,0.03299999609589577,78.25286865234375,5655.8173828125,114276.53125,0.02126905508339405,0.0,3.1392715754918754e-05,2667.75244140625,0.0,0.231320321559906,0.0191325880587101,0.0,0.0,34.8390007019043,0.0,0.0,1600.0,0.0,50.0,0.0,0.0,0.0,50.0,50.0,200.0,1.0,1.0,1.0000001192092896,0.0
2010.0,155.49749755859375,309.9742736816406,327.807861328125,327.8069763183594,292.1408386230469,292.1416931152344,16515.818359375,33031.63671875,66.97390747070312,66.97394561767578,1915.8577880859375,3831.611572265625,1915.844970703125,3831.5859375,288.45684814453125,59.010948181152344,-1.999186679313425e-06,0.0,0.0,2582.683349609375,1290.1259765625,0.0,34.90499496459961,2906.63720703125,11.836812973022461,11.836857795715332,971.0772094726562,1942.0587158203125,49.99989700317383,49.9998893737793,100.0,0.0,0.0,344.99102783203125,0.0,7.924896240234375,17.18316078186035,17.18404197692871,0.0,1.034000039100647,0.9067617654800415,50.0,0.09999999403953552,2.2907917499542236,0.0,0.0,0.0,0.0,0.7230384342193513,0.0,0.0,-0.0,0.002991035580635071,-0.0029914705082774162,0.0,-4.3481122702360153e-07,100.40201568603516,100.4019775390625,790.7993774414062,790.7993774414062,790.7993774414062,550.3868408203125,0.0,0.0,34.90499496459961,0.0010999999940395355,0.02200000174343586,0.03299999609589577,78.25286865234375,5655.8173828125,114276.53125,0.02126905508339405,0.0,3.1392715754918754e-05,2681.08740234375,0.0,0.231320321559906,0.0191325880587101,0.0,0.0,34.8390007019043,0.0,0.0,1600.0,0.0,50.0,0.0,0.0,0.0,50.0,50.0,200.0,1.0,1.0,1.0000001192092896,0.0
2020.0,155.49783325195312,309.9742736816406,327.807861328125,327.8069763183594,292.1408386230469,292.1416931152344,16515.818359375,33031.63671875,66.97390747070312,66.97394561767578,1915.8577880859375,3831.611572265625,1915.844970703125,3831.5859375,288.45697021484375,59.011234283447266,-8.240834858952439e-07,0.0,0.0,2582.682373046875,1290.1259765625,0.0,34.905242919921875,2906.63720703125,11.836812973022461,11.836857795715332,971.0772094726562,1942.0587158203125,49.99989700317383,49.9998893737793,100.0,0.0,0.0,344.9911804199219,0.0,7.924896240234375,17.183330535888672,17.18421173095703,0.0,1.034000039100647,0.9067617654800415,50.0,0.09999999403953552,2.2907917499542236,0.0,0.0,0.0,0.0,0.6266332551690788,0.0,0.0,-0.0,0.002991035580635071,-0.0029914705082774162,0.0,-4.3481122702360153e-07,100.40201568603516,100.4019775390625,790.7993774414062,790.7993774414062,790.7993774414062,550.3868408203125,0.0,0.0,34.905242919921875,0.0010999999940395355,0.02200000174343586,0.03299999609589577,78.25286865234375,5655.8173828125,114276.53125,0.02126905508339405,0.0,3.1392715754918754e-05,2694.42236328125,0.0,0.231320321559906,0.0191325880587101,0.0,0.0,34.8390007019043,0.0,0.0,1600.0,0.0,50.0,0.0,0.0,0.0,50.0,50.0,200.0,1.0,1.0,1.0000001192092896,0.0
2030.0,155.4981689453125,309.9742736816406,327.807861328125,327.8069763183594,292.1408386230469,292.1416931152344,16515.818359375,33031.63671875,66.97390747070312,66.97394561767578,1915.8577880859375,3831.611572265625,1915.844970703125,3831.5859375,288.45709228515625,59.01153564453125,2.6398381578474073e-06,0.0,0.0,2582.681396484375,1290.1259765625,0.0,34.90144348144531,2906.63720703125,11.836812973022461,11.836857795715332,971.0772094726562,1942.0587158203125,49.99989700317383,49.9998893737793,100.0,0.0,0.0,344.9913635253906,0.0,7.924896240234375,17.18349838256836,17.18438148498535,0.0,1.034000039100647,0.9067617654800415,50.0,0.09999999403953552,2.2907917499542236,0.0,0.0,0.0,0.0,0.5302281389892205,0.0,0.0,-0.0,0.002991035580635071,-0.0029914705082774162,0.0,-4.3481122702360153e-07,100.40201568603516,100.4019775390625,790.7993774414062,790.7993774414062,790.7993774414062,550.3868408203125,0.0,0.0,34.90144348144531,0.0010999999940395355,0.02200000174343586,0.03299999609589577,78.25286865234375,5655.8173828125,114276.53125,0.02126905508339405,0.0,3.1392715754918754e-05,2707.75732421875,0.0,0.231320321559906,0.0191325880587101,0.0,0.0,34.8390007019043,0.0,0.0,1600.0,0.0,50.0,0.0,0.0,0.0,50.0,50.0,200.0,1.0,1.0,1.0000001192092896,0.0
2040.0,155.49850463867188,309.9742736816406,327.807861328125,327.8069763183594,292.1408386230469,292.1416931152344,16515.818359375,33031.63671875,66.97390747070312,66.97394561767578,1915.8577880859375,3831.611572265625,1915.844970703125,3831.5859375,288.4571838378906,59.01182174682617,3.814941464952426e-06,0.0,0.0,2582.680419921875,1290.1259765625,0.0,34.90302658081055,2906.63720703125,11.836812973022461,11.836857795715332,971.0772094726562,1942.0587158203125,49.99989700317383,49.9998893737793,100.0,0.0,0.0,344.9915466308594,0.0,7.924896240234375,17.18366813659668,17.184551239013672,0.0,1.034000039100647,0.9067617654800415,50.0,0.09999999403953552,2.2907917499542236,0.0,0.0,0.0,0.0,0.4338230542445694,0.0,0.0,-0.0,0.002991035580635071,-0.0029914705082774162,0.0,-4.3481122702360153e-07,100.40201568603516,100.4019775390625,790.7993774414062,790.7993774414062,790.7993774414062,550.3868408203125,0.0,0.0,34.90302658081055,0.0010999999940395355,0.02200000174343586,0.03299999609589577,78.25286865234375,5655.8173828125,114276.53125,0.02126905508339405,0.0,3.1392715754918754e-05,2721.09228515625,0.0,0.231320321559906,0.0191325880587101,0.0,0.0,34.8390007019043,0.0,0.0,1600.0,0.0,50.0,0.0,0.0,0.0,50.0,50.0,200.0,1.0,1.0,1.0000001192092896,0.0
2050.0,155.49884033203125,309.9742736816406,327.807861328125,327.8069763183594,292.1408386230469,292.1416931152344,16515.818359375,33031.63671875,66.97390747070312,66.97394561767578,1915.8577880859375,3831.611572265625,1915.844970703125,3831.5859375,288.45733642578125,59.01211929321289,-3.72840213458403e-06,0.0,0.0,2582.67919921875,1290.1259765625,0.0,34.90190887451172,2906.63720703125,11.836812973022461,11.836857795715332,971.0772094726562,1942.0587158203125,49.99989700317383,49.9998893737793,100.0,0.0,0.0,344.99169921875,0.0,7.924896240234375,17.183837890625,17.18471908569336,0.0,1.034000039100647,0.9067617654800415,50.0,0.09999999403953552,2.2907917499542236,0.0,0.0,0.0,0.0,0.3374179380647111,0.0,0.0,-0.0,0.002991035580635071,-0.0029914705082774162,0.0,-4.3481122702360153e-07,100.40201568603516,100.4019775390625,790.7993774414062,790.7993774414062,790.7993774414062,550.3868408203125,0.0,0.0,34.90190887451172,0.0010999999940395355,0.02200000174343586,0.03299999609589577,78.25286865234375,5655.8173828125,114276.53125,0.02126905508339405,0.0,3.1392715754918754e-05,2734.42724609375,0.0,0.231320321559906,0.0191325880587101,0.0,0.0,34.8390007019043,0.0,0.0,1600.0,0.0,50.0,0.0,0.0,0.0,50.0,50.0,200.0,1.0,1.0,1.0000001192092896,0.0
2060.0,155.49917602539062,309.9742736816406,327.807861328125,327.8069763183594,292.1408386230469,292.1416931152344,16515.818359375,33031.63671875,66.97390747070312,66.97394561767578,1915.8577880859375,3831.611572265625,1915.844970703125,3831.5859375,288.4574279785156,59.01242446899414,3.077240080529009e-07,0.0,0.0,2582.67822265625,1290.1259765625,0.0,34.90081787109375,2906.63720703125,11.836812973022461,11.836857795715332,971.0772094726562,1942.0587158203125,49.99989700317383,49.9998893737793,100.0,0.0,0.0,344.99188232421875,0.0,7.924896240234375,17.18400764465332,17.18488883972168,0.0,1.034000039100647,0.9067617654800415,50.0,0.09999999403953552,2.2907917499542236,0.0,0.0,0.0,0.0,0.24101280616724927,0.0,0.0,-0.0,0.002991035580635071,-0.0029914705082774162,0.0,-4.3481122702360153e-07,100.40201568603516,100.4019775390625,790.7993774414062,790.7993774414062,790.7993774414062,550.3868408203125,0.0,0.0,34.90081787109375,0.0010999999940395355,0.02200000174343586,0.03299999609589577,78.25286865234375,5655.8173828125,114276.53125,0.02126905508339405,0.0,3.1392715754918754e-05,2747.76220703125,0.0,0.231320321559906,0.0191325880587101,0.0,0.0,34.8390007019043,0.0,0.0,1600.0,0.0,50.0,0.0,0.0,0.0,50.0,50.0,200.0,1.0,1.0,1.0000001192092896,0.0
2070.0,155.49932861328125,309.9742736816406,327.807861328125,327.8069763183594,292.1408386230469,292.1416931152344,16515.818359375,33031.63671875,66.97390747070312,66.97394561767578,1915.8577880859375,3831.611572265625,1915.844970703125,3831.5859375,288.45751953125,59.012664794921875,5.051432253821986e-06,0.0,0.0,2582.677978515625,1290.1259765625,0.0,34.90121841430664,2906.63720703125,11.836812973022461,11.836857795715332,971.0772094726562,1942.0587158203125,49.99989700317383,49.9998893737793,100.0,0.0,0.0,344.9919738769531,0.0,7.924896240234375,17.18410873413086,17.18499183654785,0.0,1.034000039100647,0.9067617654800415,50.0,0.09999999403953552,2.2907917499542236,0.0,0.0,0.0,0.0,0.1928102480773201,0.0,0.0,-0.0,0.002991035580635071,-0.0029914705082774162,0.0,-4.3481122702360153e-07,100.40201568603516,100.4019775390625,790.7993774414062,790.7993774414062,790.7993774414062,550.3868408203125,0.0,0.0,34.90121841430664,0.0010999999940395355,0.02200000174343586,0.03299999609589577,78.25286865234375,5655.8173828125,114276.53125,0.02126905508339405,0.0,3.1392715754918754e-05,2761.09716796875,0.0,0.231320321559906,0.0191325880587101,0.0,0.0,34.8390007019043,0.0,0.0,1600.0,0.0,50.0,0.0,0.0,0.0,50.0,50.0,200.0,1.0,1.0,1.0000001192092896,0.0
2080.0,155.49932861328125,309.9742736816406,327.807861328125,327.8069763183594,292.1408386230469,292.1416931152344,16515.818359375,33031.63671875,66.97390747070312,66.97394561767578,1915.8577880859375,3831.611572265625,1915.844970703125,3831.5859375,288.4576110839844,59.012840270996094,6.76626612516884e-08,0.0,0.0,2582.677978515625,1290.1259765625,0.0,34.8991813659668,2906.63720703125,11.836812973022461,11.836857795715332,971.0772094726562,1942.0587158203125,49.99989700317383,49.9998893737793,100.0,0.0,0.0,344.9919738769531,0.0,7.924896240234375,17.18410873413086,17.18499183654785,0.0,1.034000039100647,0.9067617654800415,50.0,0.09999999403953552,2.2907917499542236,0.0,0.0,0.0,0.0,0.1928102480773201,0.0,0.0,-0.0,0.002991035580635071,-0.0029914705082774162,0.0,-4.3481122702360153e-07,100.40201568603516,100.4019775390625,790.7993774414062,790.7993774414062,790.7993774414062,550.3868408203125,0.0,0.0,34.8991813659668,0.0010999999940395355,0.02200000174343586,0.03299999609589577,78.25286865234375,5655.8173828125,114276.53125,0.02126905508339405,0.0,3.1392715754918754e-05,2774.43212890625,0.0,0.231320321559906,0.0191325880587101,0.0,0.0,34.8390007019043,0.0,0.0,1600.0,0.0,50.0,0.0,0.0,0.0,50.0,50.0,200.0,1.0,1.0,1.0000001192092896,0.0
2090.0,155.49932861328125,309.9742736816406,327.807861328125,327.8069763183594,292.1408386230469,292.1416931152344,16515.818359375,33031.63671875,66.97390747070312,66.97394561767578,1915.8577880859375,3831.611572265625,1915.844970703125,3831.5859375,288.4576721191406,59.01302719116211,-3.199493221472949e-06,0.0,0.0,2582.677978515625,1290.1259765625,0.0,34.89849090576172,2906.63720703125,11.836812973022461,11.836857795715332,971.0772094726562,1942.0587158203125,49.99989700317383,49.9998893737793,100.0,0.0,0.0,344.9919738769531,0.0,7.924896240234375,17.18410873413086,17.18499183654785,0.0,1.034000039100647,0.9067617654800415,50.0,0.09999999403953552,2.2907917499542236,0.0,0.0,0.0,0.0,0.1928102480773201,0.0,0.0,-0.0,0.002991035580635071,-0.0029914705082774162,0.0,-4.3481122702360153e-07,100.40201568603516,100.4019775390625,790.7993774414062,790.7993774414062,790.7993774414062,550.3868408203125,0.0,0.0,34.89849090576172,0.0010999999940395355,0.02200000174343586,0.03299999609589577,78.25286865234375,5655.8173828125,114276.53125,0.02126905508339405,0.0,3.1392715754918754e-05,2787.76708984375,0.0,0.231320321559906,0.0191325880587101,0.0,0.0,34.8390007019043,0.0,0.0,1600.0,0.0,50.0,0.0,0.0,0.0,50.0,50.0,200.0,1.0,1.0,1.0000001192092896,0.0
2100.0,155.49932861328125,309.9742736816406,327.807861328125,327.8069763183594,292.1408386230469,292.1416931152344,16515.818359375,33031.63671875,66.97390747070312,66.97394561767578,1915.8577880859375,3831.611572265625,1915.844970703125,3831.5859375,288.4577331542969,59.01321029663086,3.3962066936510382e-06,0.0,0.0,2582.677978515625,1290.1259765625,0.0,34.89916229248047,2906.63720703125,11.836812973022461,11.836857795715332,971.0772094726562,1942.0587158203125,49.99989700317383,49.9998893737793,100.0,0.0,0.0,344.9919738769531,0.0,7.924896240234375,17.18410873413086,17.18499183654785,0.0,1.034000039100647,0.9067617654800415,50.0,0.09999999403953552,2.2907917499542236,0.0,0.0,0.0,0.0,0.1928102480773201,0.0,0.0,-0.0,0.002991035580635071,-0.0029914705082774162,0.0,-4.3481122702360153e-07,100.40201568603516,100.4019775390625,790.7993774414062,790.7993774414062,790.7993774414062,550.3868408203125,0.0,0.0,34.89916229248047,0.0010999999940395355,0.02200000174343586,0.03299999609589577,78.25286865234375,5655.8173828125,114276.53125,0.02126905508339405,0.0,3.1392715754918754e-05,2801.10205078125,0.0,0.231320321559906,0.0191325880587101,0.0,0.0,34.8390007019043,0.0,0.0,1600.0,0.0,50.0,0.0,0.0,0.0,50.0,50.0,200.0,1.0,1.0,1.0000001192092896,0.0
2110.0,155.49932861328125,309.9742736816406,327.807861328125,327.8069763183594,292.1408386230469,292.1416931152344,16515.818359375,33031.63671875,66.97390747070312,66.97394561767578,1915.8577880859375,3831.611572265625,1915.844970703125,3831.5859375,288.45782470703125,59.013397216796875,1.2905060486900766e-07,0.0,0.0,2582.677978515625,1290.1259765625,0.0,34.897125244140625,2906.63720703125,11.836812973022461,11.836857795715332,971.0772094726562,1942.0587158203125,49.99989700317383,49.9998893737793,100.0,0.0,0.0,344.9919738769531,0.0,7.924896240234375,17.18410873413086,17.18499183654785,0.0,1.034000039100647,0.9067617654800415,50.0,0.09999999403953552,2.2907917499542236,0.0,0.0,0.0,0.0,0.1928102480773201,0.0,0.0,-0.0,0.002991035580635071,-0.0029914705082774162,0.0,-4.3481122702360153e-07,100.40201568603516,100.4019775390625,790.7993774414062,790.7993774414062,790.7993774414062,550.3868408203125,0.0,0.0,34.897125244140625,0.0010999999940395355,0.02200000174343586,0.03299999609589577,78.25286865234375,5655.8173828125,114276.53125,0.02126905508339405,0.0,3.1392715754918754e-05,2814.43701171875,0.0,0.231320321559906,0.0191325880587101,0.0,0.0,34.8390007019043,0.0,0.0,1600.0,0.0,50.0,0.0,0.0,0.0,50.0,50.0,200.0,1.0,1.0,1.0000001192092896,0.0
2120.0,155.49932861328125,309.9742736816406,327.807861328125,327.8069763183594,292.1408386230469,292.1416931152344,16515.818359375,33031.63671875,66.97390747070312,66.97394561767578,1915.8577880859375,3831.611572265625,1915.844970703125,3831.5859375,288.4579162597656,59.013580322265625,-3.710310011229012e-06,0.0,0.0,2582.677978515625,1290.1259765625,0.0,34.89777374267578,2906.63720703125,11.836812973022461,11.836857795715332,971.0772094726562,1942.0587158203125,49.99989700317383,49.9998893737793,100.0,0.0,0.0,344.9919738769531,0.0,7.924896240234375,17.18410873413086,17.18499183654785,0.0,1.034000039100647,0.9067617654800415,50.0,0.09999999403953552,2.2907917499542236,0.0,0.0,0.0,0.0,0.1928102480773201,0.0,0.0,-0.0,0.002991035580635071,-0.0029914705082774162,0.0,-4.3481122702360153e-07,100.40201568603516,100.4019775390625,790.7993774414062,790.7993774414062,790.7993774414062,550.3868408203125,0.0,0.0,34.89777374267578,0.0010999999940395355,0.02200000174343586,0.03299999609589577,78.25286865234375,5655.8173828125,114276.53125,0.02126905508339405,0.0,3.1392715754918754e-05,2827.77197265625,0.0,0.231320321559906,0.0191325880587101,0.0,0.0,34.8390007019043,0.0,0.0,1600.0,0.0,50.0,0.0,0.0,0.0,50.0,50.0,200.0,1.0,1.0,1.0000001192092896,0.0
2130.0,155.49932861328125,309.9742736816406,327.807861328125,327.8069763183594,292.1408386230469,292.1416931152344,16515.818359375,33031.63671875,66.97390747070312,66.97394561767578,1915.8577880859375,3831.611572265625,1915.844970703125,3831.5859375,288.4579772949219,59.01376724243164,3.45759463016293e-06,0.0,0.0,2582.677978515625,1290.1259765625,0.0,34.8957405090332,2906.63720703125,11.836812973022461,11.836857795715332,971.0772094726562,1942.0587158203125,49.99989700317383,49.9998893737793,100.0,0.0,0.0,344.9919738769531,0.0,7.924896240234375,17.18410873413086,17.18499183654785,0.0,1.034000039100647,0.9067617654800415,50.0,0.09999999403953552,2.2907917499542236,0.0,0.0,0.0,0.0,0.1928102480773201,0.0,0.0,-0.0,0.002991035580635071,-0.0029914705082774162,0.0,-4.3481122702360153e-07,100.40201568603516,100.4019775390625,790.7993774414062,790.7993774414062,790.7993774414062,550.3868408203125,0.0,0.0,34.8957405090332,0.0010999999940395355,0.02200000174343586,0.03299999609589577,78.25286865234375,5655.8173828125,114276.53125,0.02126905508339405,0.0,3.1392715754918754e-05,2841.10693359375,0.0,0.231320321559906,0.0191325880587101,0.0,0.0,34.8390007019043,0.0,0.0,1600.0,0.0,50.0,0.0,0.0,0.0,50.0,50.0,200.0,1.0,1.0,1.0000001192092896,0.0
2140.0,155.49932861328125,309.9742736816406,327.807861328125,327.8069763183594,292.1408386230469,292.1416931152344,16515.818359375,33031.63671875,66.97390747070312,66.97394561767578,1915.8577880859375,3831.611572265625,1915.844970703125,3831.5859375,288.4580383300781,59.013946533203125,-9.539706979921903e-07,0.0,0.0,2582.677978515625,1290.1259765625,0.0,34.895050048828125,2906.63720703125,11.836812973022461,11.836857795715332,971.0772094726562,1942.0587158203125,49.99989700317383,49.9998893737793,100.0,0.0,0.0,344.9919738769531,0.0,7.924896240234375,17.18410873413086,17.18499183654785,0.0,1.034000039100647,0.9067617654800415,50.0,0.09999999403953552,2.2907917499542236,0.0,0.0,0.0,0.0,0.1928102480773201,0.0,0.0,-0.0,0.002991035580635071,-0.0029914705082774162,0.0,-4.3481122702360153e-07,100.40201568603516,100.4019775390625,790.7993774414062,790.7993774414062,790.7993774414062,550.3868408203125,0.0,0.0,34.895050048828125,0.0010999999940395355,0.02200000174343586,0.03299999609589577,78.25286865234375,5655.8173828125,114276.53125,0.02126905508339405,0.0,3.1392715754918754e-05,2854.44189453125,0.0,0.231320321559906,0.0191325880587101,0.0,0.0,34.8390007019043,0.0,0.0,1600.0,0.0,50.0,0.0,0.0,0.0,50.0,50.0,200.0,1.0,1.0,1.0000001192092896,0.0
2150.0,155.49932861328125,309.9742736816406,327.807861328125,327.8069763183594,292.1408386230469,292.1416931152344,16515.818359375,33031.63671875,66.97390747070312,66.97394561767578,1915.8577880859375,3831.611572265625,1915.844970703125,3831.5859375,288.4581298828125,59.014129638671875,-4.793331299879355e-06,0.0,0.0,2582.677978515625,1290.1259765625,0.0,34.89571762084961,2906.63720703125,11.836812973022461,11.836857795715332,971.0772094726562,1942.0587158203125,49.99989700317383,49.9998893737793,100.0,0.0,0.0,344.9919738769531,0.0,7.924896240234375,17.18410873413086,17.18499183654785,0.0,1.034000039100647,0.9067617654800415,50.0,0.09999999403953552,2.2907917499542236,0.0,0.0,0.0,0.0,0.1928102480773201,0.0,0.0,-0.0,0.002991035580635071,-0.0029914705082774162,0.0,-4.3481122702360153e-07,100.40201568603516,100.4019775390625,790.7993774414062,790.7993774414062,790.7993774414062,550.3868408203125,0.0,0.0,34.89571762084961,0.0010999999940395355,0.02200000174343586,0.03299999609589577,78.25286865234375,5655.8173828125,114276.53125,0.02126905508339405,0.0,3.1392715754918754e-05,2867.77685546875,0.0,0.231320321559906,0.0191325880587101,0.0,0.0,34.8390007019043,0.0,0.0,1600.0,0.0,50.0,0.0,0.0,0.0,50.0,50.0,200.0,1.0,1.0,1.0000001192092896,0.0
2160.0,155.49932861328125,309.9742736816406,327.807861328125,327.8069763183594,292.1408386230469,292.1416931152344,16515.818359375,33031.63671875,66.97390747070312,66.97394561767578,1915.8577880859375,3831.611572265625,1915.844970703125,3831.5859375,288.45819091796875,59.014312744140625,1.8023687289314694e-06,0.0,0.0,2582.677978515625,1290.1259765625,0.0,34.895023345947266,2906.63720703125,11.836812973022461,11.836857795715332,971.0772094726562,1942.0587158203125,49.99989700317383,49.9998893737793,100.0,0.0,0.0,344.9919738769531,0.0,7.924896240234375,17.18410873413086,17.18499183654785,0.0,1.034000039100647,0.9067617654800415,50.0,0.09999999403953552,2.2907917499542236,0.0,0.0,0.0,0.0,0.1928102480773201,0.0,0.0,-0.0,0.002991035580635071,-0.0029914705082774162,0.0,-4.3481122702360153e-07,100.40201568603516,100.4019775390625,790.7993774414062,790.7993774414062,790.7993774414062,550.3868408203125,0.0,0.0,34.895023345947266,0.0010999999940395355,0.02200000174343586,0.03299999609589577,78.25286865234375,5655.8173828125,114276.53125,0.02126905508339405,0.0,3.1392715754918754e-05,2881.11181640625,0.0,0.231320321559906,0.0191325880587101,0.0,0.0,34.8390007019043,0.0,0.0,1600.0,0.0,50.0,0.0,0.0,0.0,50.0,50.0,200.0,1.0,1.0,1.0000001192092896,0.0
2170.0,155.49932861328125,309.9742736816406,327.807861328125,327.8069763183594,292.1408386230469,292.1416931152344,16515.818359375,33031.63671875,66.97390747070312,66.97394561767578,1915.8577880859375,3831.611572265625,1915.844970703125,3831.5859375,288.4582824707031,59.01449966430664,-1.4647872603745782e-06,0.0,0.0,2582.677978515625,1290.1259765625,0.0,34.89433288574219,2906.63720703125,11.836812973022461,11.836857795715332,971.0772094726562,1942.0587158203125,49.99989700317383,49.9998893737793,100.0,0.0,0.0,344.9919738769531,0.0,7.924896240234375,17.18410873413086,17.18499183654785,0.0,1.034000039100647,0.9067617654800415,50.0,0.09999999403953552,2.2907917499542236,0.0,0.0,0.0,0.0,0.1928102480773201,0.0,0.0,-0.0,0.002991035580635071,-0.0029914705082774162,0.0,-4.3481122702360153e-07,100.40201568603516,100.4019775390625,790.7993774414062,790.7993774414062,790.7993774414062,550.3868408203125,0.0,0.0,34.89433288574219,0.0010999999940395355,0.02200000174343586,0.03299999609589577,78.25286865234375,5655.8173828125,114276.53125,0.02126905508339405,0.0,3.1392715754918754e-05,2894.44677734375,0.0,0.231320321559906,0.0191325880587101,0.0,0.0,34.8390007019043,0.0,0.0,1600.0,0.0,50.0,0.0,0.0,0.0,50.0,50.0,200.0,1.0,1.0,1.0000001192092896,0.0
2180.0,155.49932861328125,309.9742736816406,327.807861328125,327.8069763183594,292.1408386230469,292.1416931152344,16515.818359375,33031.63671875,66.97390747070312,66.97394561767578,1915.8577880859375,3831.611572265625,1915.844970703125,3831.5859375,288.4583435058594,59.01468276977539,-5.304148089635419e-06,0.0,0.0,2582.677978515625,1290.1259765625,0.0,34.89364242553711,2906.63720703125,11.836812973022461,11.836857795715332,971.0772094726562,1942.0587158203125,49.99989700317383,49.9998893737793,100.0,0.0,0.0,344.9919738769531,0.0,7.924896240234375,17.18410873413086,17.18499183654785,0.0,1.034000039100647,0.9067617654800415,50.0,0.09999999403953552,2.2907917499542236,0.0,0.0,0.0,0.0,0.1928102480773201,0.0,0.0,-0.0,0.002991035580635071,-0.0029914705082774162,0.0,-4.3481122702360153e-07,100.40201568603516,100.4019775390625,790.7993774414062,790.7993774414062,790.7993774414062,550.3868408203125,0.0,0.0,34.89364242553711,0.0010999999940395355,0.02200000174343586,0.03299999609589577,78.25286865234375,5655.8173828125,114276.53125,0.02126905508339405,0.0,3.1392715754918754e-05,2907.78173828125,0.0,0.231320321559906,0.0191325880587101,0.0,0.0,34.8390007019043,0.0,0.0,1600.0,0.0,50.0,0.0,0.0,0.0,50.0,50.0,200.0,1.0,1.0,1.0000001192092896,0.0
2190.0,155.49932861328125,309.9742736816406,327.807861328125,327.8069763183594,292.1408386230469,292.1416931152344,16515.818359375,33031.63671875,66.97390747070312,66.97394561767578,1915.8577880859375,3831.611572265625,1915.844970703125,3831.5859375,288.4584045410156,59.014862060546875,7.193474402811262e-07,0.0,0.0,2582.677978515625,1290.1259765625,0.0,34.891605377197266,2906.63720703125,11.836812973022461,11.836857795715332,971.0772094726562,1942.0587158203125,49.99989700317383,49.9998893737793,100.0,0.0,0.0,344.9919738769531,0.0,7.924896240234375,17.18410873413086,17.18499183654785,0.0,1.034000039100647,0.9067617654800415,50.0,0.09999999403953552,2.2907917499542236,0.0,0.0,0.0,0.0,0.1928102480773201,0.0,0.0,-0.0,0.002991035580635071,-0.0029914705082774162,0.0,-4.3481122702360153e-07,100.40201568603516,100.4019775390625,790.7993774414062,790.7993774414062,790.7993774414062,550.3868408203125,0.0,0.0,34.891605377197266,0.0010999999940395355,0.02200000174343586,0.03299999609589577,78.25286865234375,5655.8173828125,114276.53125,0.02126905508339405,0.0,3.1392715754918754e-05,2921.11669921875,0.0,0.231320321559906,0.0191325880587101,0.0,0.0,34.8390007019043,0.0,0.0,1600.0,0.0,50.0,0.0,0.0,0.0,50.0,50.0,200.0,1.0,1.0,1.0000001192092896,0.0
2200.0,155.49932861328125,309.9742736816406,327.807861328125,327.8069763183594,292.1408386230469,292.1416931152344,16515.818359375,33031.63671875,66.97390747070312,66.97394561767578,1915.8577880859375,3831.611572265625,1915.844970703125,3831.5859375,288.45849609375,59.01504898071289,-2.5478084353380837e-06,0.0,0.0,2582.677978515625,1290.1259765625,0.0,34.89091491699219,2906.63720703125,11.836812973022461,11.836857795715332,971.0772094726562,1942.0587158203125,49.99989700317383,49.9998893737793,100.0,0.0,0.0,344.9919738769531,0.0,7.924896240234375,17.18410873413086,17.18499183654785,0.0,1.034000039100647,0.9067617654800415,50.0,0.09999999403953552,2.2907917499542236,0.0,0.0,0.0,0.0,0.1928102480773201,0.0,0.0,-0.0,0.002991035580635071,-0.0029914705082774162,0.0,-4.3481122702360153e-07,100.40201568603516,100.4019775390625,790.7993774414062,790.7993774414062,790.7993774414062,550.3868408203125,0.0,0.0,34.89091491699219,0.0010999999940395355,0.02200000174343586,0.03299999609589577,78.25286865234375,5655.8173828125,114276.53125,0.02126905508339405,0.0,3.1392715754918754e-05,2934.45166015625,0.0,0.231320321559906,0.0191325880587101,0.0,0.0,34.8390007019043,0.0,0.0,1600.0,0.0,50.0,0.0,0.0,0.0,50.0,50.0,200.0,1.0,1.0,1.0000001192092896,0.0
2210.0,155.49932861328125,309.9742736816406,327.807861328125,327.8069763183594,292.1408386230469,292.1416931152344,16515.818359375,33031.63671875,66.97390747070312,66.97394561767578,1915.8577880859375,3831.611572265625,1915.844970703125,3831.5859375,288.45855712890625,59.01523208618164,4.047891252412228e-06,0.0,0.0,2582.677978515625,1290.1259765625,0.0,34.890220642089844,2906.63720703125,11.836812973022461,11.836857795715332,971.0772094726562,1942.0587158203125,49.99989700317383,49.9998893737793,100.0,0.0,0.0,344.9919738769531,0.0,7.924896240234375,17.18410873413086,17.18499183654785,0.0,1.034000039100647,0.9067617654800415,50.0,0.09999999403953552,2.2907917499542236,0.0,0.0,0.0,0.0,0.1928102480773201,0.0,0.0,-0.0,0.002991035580635071,-0.0029914705082774162,0.0,-4.3481122702360153e-07,100.40201568603516,100.4019775390625,790.7993774414062,790.7993774414062,790.7993774414062,550.3868408203125,0.0,0.0,34.890220642089844,0.0010999999940395355,0.02200000174343586,0.03299999609589577,78.25286865234375,5655.8173828125,114276.53125,0.02126905508339405,0.0,3.1392715754918754e-05,2947.78662109375,0.0,0.231320321559906,0.0191325880587101,0.0,0.0,34.8390007019043,0.0,0.0,1600.0,0.0,50.0,0.0,0.0,0.0,50.0,50.0,200.0,1.0,1.0,1.0000001192092896,0.0
2220.0,155.49932861328125,309.9742736816406,327.807861328125,327.8069763183594,292.1408386230469,292.1416931152344,16515.818359375,33031.63671875,66.97390747070312,66.97394561767578,1915.8577880859375,3831.611572265625,1915.844970703125,3831.5859375,288.4586181640625,59.015411376953125,-3.6367387679092644e-07,0.0,0.0,2582.677978515625,1290.1259765625,0.0,34.889549255371094,2906.63720703125,11.836812973022461,11.836857795715332,971.0772094726562,1942.0587158203125,49.99989700317383,49.9998893737793,100.0,0.0,0.0,344.9919738769531,0.0,7.924896240234375,17.18410873413086,17.18499183654785,0.0,1.034000039100647,0.9067617654800415,50.0,0.09999999403953552,2.2907917499542236,0.0,0.0,0.0,0.0,0.1928102480773201,0.0,0.0,-0.0,0.002991035580635071,-0.0029914705082774162,0.0,-4.3481122702360153e-07,100.40201568603516,100.4019775390625,790.7993774414062,790.7993774414062,790.7993774414062,550.3868408203125,0.0,0.0,34.889549255371094,0.0010999999940395355,0.02200000174343586,0.03299999609589577,78.25286865234375,5655.8173828125,114276.53125,0.02126905508339405,0.0,3.1392715754918754e-05,2961.12158203125,0.0,0.231320321559906,0.0191325880587101,0.0,0.0,34.8390007019043,0.0,0.0,1600.0,0.0,50.0,0.0,0.0,0.0,50.0,50.0,200.0,1.0,1.0,1.0000001192092896,0.0
2230.0,155.49932861328125,309.9742736816406,327.807861328125,327.8069763183594,292.1408386230469,292.1416931152344,16515.818359375,33031.63671875,66.97390747070312,66.97394561767578,1915.8577880859375,3831.611572265625,1915.844970703125,3831.5859375,288.45867919921875,59.015567779541016,2.226593778686947e-06,0.0,0.0,2582.677978515625,1290.1259765625,0.0,34.88896942138672,2906.63720703125,11.836812973022461,11.836857795715332,971.0772094726562,1942.0587158203125,49.99989700317383,49.9998893737793,100.0,0.0,0.0,344.9919738769531,0.0,7.924896240234375,17.18410873413086,17.18499183654785,0.0,1.034000039100647,0.9067617654800415,50.0,0.09999999403953552,2.2907917499542236,0.0,0.0,0.0,0.0,0.1928102480773201,0.0,0.0,-0.0,0.002991035580635071,-0.0029914705082774162,0.0,-4.3481122702360153e-07,100.40201568603516,100.4019775390625,790.7993774414062,790.7993774414062,790.7993774414062,550.3868408203125,0.0,0.0,34.88896942138672,0.0010999999940395355,0.02200000174343586,0.03299999609589577,78.25286865234375,5655.8173828125,114276.53125,0.02126905508339405,0.0,3.1392715754918754e-05,2974.45654296875,0.0,0.231320321559906,0.0191325880587101,0.0,0.0,34.8390007019043,0.0,0.0,1600.0,0.0,50.0,0.0,0.0,0.0,50.0,50.0,200.0,1.0,1.0,1.0000001192092896,0.0
2240.0,155.49932861328125,309.9742736816406,327.807861328125,327.8069763183594,292.1408386230469,292.1416931152344,16515.818359375,33031.63671875,66.97390747070312,66.97394561767578,1915.8577880859375,3831.611572265625,1915.844970703125,3831.5859375,288.458740234375,59.015708923339844,2.5280432964791544e-06,0.0,0.0,2582.677978515625,1290.1259765625,0.0,34.889774322509766,2906.63720703125,11.836812973022461,11.836857795715332,971.0772094726562,1942.0587158203125,49.99989700317383,49.9998893737793,100.0,0.0,0.0,344.9919738769531,0.0,7.924896240234375,17.18410873413086,17.18499183654785,0.0,1.034000039100647,0.9067617654800415,50.0,0.09999999403953552,2.2907917499542236,0.0,0.0,0.0,0.0,0.1928102480773201,0.0,0.0,-0.0,0.002991035580635071,-0.0029914705082774162,0.0,-4.3481122702360153e-07,100.40201568603516,100.4019775390625,790.7993774414062,790.7993774414062,790.7993774414062,550.3868408203125,0.0,0.0,34.889774322509766,0.0010999999940395355,0.02200000174343586,0.03299999609589577,78.25286865234375,5655.8173828125,114276.53125,0.02126905508339405,0.0,3.1392715754918754e-05,2987.79150390625,0.0,0.231320321559906,0.0191325880587101,0.0,0.0,34.8390007019043,0.0,0.0,1600.0,0.0,50.0,0.0,0.0,0.0,50.0,50.0,200.0,1.0,1.0,1.0000001192092896,0.0
2250.0,155.49932861328125,309.9742736816406,327.807861328125,327.8069763183594,292.1408386230469,292.1416931152344,16515.818359375,33031.63671875,66.97390747070312,66.97394561767578,1915.8577880859375,3831.611572265625,1915.844970703125,3831.5859375,288.45880126953125,59.0158576965332,3.973901584686246e-06,0.0,0.0,2582.677978515625,1290.1259765625,0.0,34.88923645019531,2906.63720703125,11.836812973022461,11.836857795715332,971.0772094726562,1942.0587158203125,49.99989700317383,49.9998893737793,100.0,0.0,0.0,344.9919738769531,0.0,7.924896240234375,17.18410873413086,17.18499183654785,0.0,1.034000039100647,0.9067617654800415,50.0,0.09999999403953552,2.2907917499542236,0.0,0.0,0.0,0.0,0.1928102480773201,0.0,0.0,-0.0,0.002991035580635071,-0.0029914705082774162,0.0,-4.3481122702360153e-07,100.40201568603516,100.4019775390625,790.7993774414062,790.7993774414062,790.7993774414062,550.3868408203125,0.0,0.0,34.88923645019531,0.0010999999940395355,0.02200000174343586,0.03299999609589577,78.25286865234375,5655.8173828125,114276.53125,0.02126905508339405,0.0,3.1392715754918754e-05,3001.12646484375,0.0,0.231320321559906,0.0191325880587101,0.0,0.0,34.8390007019043,0.0,0.0,1600.0,0.0,50.0,0.0,0.0,0.0,50.0,50.0,200.0,1.0,1.0,1.0000001192092896,0.0
2260.0,155.49932861328125,309.9742736816406,327.807861328125,327.8069763183594,292.1408386230469,292.1416931152344,16515.818359375,33031.63671875,66.97390747070312,66.97394561767578,1915.8577880859375,3831.611572265625,1915.844970703125,3831.5859375,288.4588623046875,59.0160026550293,4.847555828746408e-06,0.0,0.0,2582.677978515625,1290.1259765625,0.0,34.88867950439453,2906.63720703125,11.836812973022461,11.836857795715332,971.0772094726562,1942.0587158203125,49.99989700317383,49.9998893737793,100.0,0.0,0.0,344.9919738769531,0.0,7.924896240234375,17.18410873413086,17.18499183654785,0.0,1.034000039100647,0.9067617654800415,50.0,0.09999999403953552,2.2907917499542236,0.0,0.0,0.0,0.0,0.1928102480773201,0.0,0.0,-0.0,0.002991035580635071,-0.0029914705082774162,0.0,-4.3481122702360153e-07,100.40201568603516,100.4019775390625,790.7993774414062,790.7993774414062,790.7993774414062,550.3868408203125,0.0,0.0,34.88867950439453,0.0010999999940395355,0.02200000174343586,0.03299999609589577,78.25286865234375,5655.8173828125,114276.53125,0.02126905508339405,0.0,3.1392715754918754e-05,3014.46142578125,0.0,0.231320321559906,0.0191325880587101,0.0,0.0,34.8390007019043,0.0,0.0,1600.0,0.0,50.0,0.0,0.0,0.0,50.0,50.0,200.0,1.0,1.0,1.0000001192092896,0.0
2270.0,155.49932861328125,309.9742736816406,327.807861328125,327.8069763183594,292.1408386230469,292.1416931152344,16515.818359375,33031.63671875,66.97390747070312,66.97394561767578,1915.8577880859375,3831.611572265625,1915.844970703125,3831.5859375,288.45892333984375,59.016151428222656,-4.14164651374449e-06,0.0,0.0,2582.677978515625,1290.1259765625,0.0,34.88677978515625,2906.63720703125,11.836812973022461,11.836857795715332,971.0772094726562,1942.0587158203125,49.99989700317383,49.9998893737793,100.0,0.0,0.0,344.9919738769531,0.0,7.924896240234375,17.18410873413086,17.18499183654785,0.0,1.034000039100647,0.9067617654800415,50.0,0.09999999403953552,2.2907917499542236,0.0,0.0,0.0,0.0,0.1928102480773201,0.0,0.0,-0.0,0.002991035580635071,-0.0029914705082774162,0.0,-4.3481122702360153e-07,100.40201568603516,100.4019775390625,790.7993774414062,790.7993774414062,790.7993774414062,550.3868408203125,0.0,0.0,34.88677978515625,0.0010999999940395355,0.02200000174343586,0.03299999609589577,78.25286865234375,5655.8173828125,114276.53125,0.02126905508339405,0.0,3.1392715754918754e-05,3027.79638671875,0.0,0.231320321559906,0.0191325880587101,0.0,0.0,34.8390007019043,0.0,0.0,1600.0,0.0,50.0,0.0,0.0,0.0,50.0,50.0,200.0,1.0,1.0,1.0000001192092896,0.0
2280.0,155.49932861328125,309.9742736816406,327.807861328125,327.8069763183594,292.1408386230469,292.1416931152344,16515.818359375,33031.63671875,66.97390747070312,66.97394561767578,1915.8577880859375,3831.611572265625,1915.844970703125,3831.5859375,288.458984375,59.016300201416016,-2.695788225537399e-06,0.0,0.0,2582.677978515625,1290.1259765625,0.0,34.88758087158203,2906.63720703125,11.836812973022461,11.836857795715332,971.0772094726562,1942.0587158203125,49.99989700317383,49.9998893737793,100.0,0.0,0.0,344.9919738769531,0.0,7.924896240234375,17.18410873413086,17.18499183654785,0.0,1.034000039100647,0.9067617654800415,50.0,0.09999999403953552,2.2907917499542236,0.0,0.0,0.0,0.0,0.1928102480773201,0.0,0.0,-0.0,0.002991035580635071,-0.0029914705082774162,0.0,-4.3481122702360153e-07,100.40201568603516,100.4019775390625,790.7993774414062,790.7993774414062,790.7993774414062,550.3868408203125,0.0,0.0,34.88758087158203,0.0010999999940395355,0.02200000174343586,0.03299999609589577,78.25286865234375,5655.8173828125,114276.53125,0.02126905508339405,0.0,3.1392715754918754e-05,3041.13134765625,0.0,0.231320321559906,0.0191325880587101,0.0,0.0,34.8390007019043,0.0,0.0,1600.0,0.0,50.0,0.0,0.0,0.0,50.0,50.0,200.0,1.0,1.0,1.0000001192092896,0.0
2290.0,155.49932861328125,309.9742736816406,327.807861328125,327.8069763183594,292.1408386230469,292.1416931152344,16515.818359375,33031.63671875,66.97390747070312,66.97394561767578,1915.8577880859375,3831.611572265625,1915.844970703125,3831.5859375,288.45904541015625,59.016441345214844,-2.3943387077451916e-06,0.0,0.0,2582.677978515625,1290.1259765625,0.0,34.88702392578125,2906.63720703125,11.836812973022461,11.836857795715332,971.0772094726562,1942.0587158203125,49.99989700317383,49.9998893737793,100.0,0.0,0.0,344.9919738769531,0.0,7.924896240234375,17.18410873413086,17.18499183654785,0.0,1.034000039100647,0.9067617654800415,50.0,0.09999999403953552,2.2907917499542236,0.0,0.0,0.0,0.0,0.1928102480773201,0.0,0.0,-0.0,0.002991035580635071,-0.0029914705082774162,0.0,-4.3481122702360153e-07,100.40201568603516,100.4019775390625,790.7993774414062,790.7993774414062,790.7993774414062,550.3868408203125,0.0,0.0,34.88702392578125,0.0010999999940395355,0.02200000174343586,0.03299999609589577,78.25286865234375,5655.8173828125,114276.53125,0.02126905508339405,0.0,3.1392715754918754e-05,3054.46630859375,0.0,0.231320321559906,0.0191325880587101,0.0,0.0,34.8390007019043,0.0,0.0,1600.0,0.0,50.0,0.0,0.0,0.0,50.0,50.0,200.0,1.0,1.0,1.0000001192092896,0.0
2300.0,155.49932861328125,309.9742736816406,327.807861328125,327.8069763183594,292.1408386230469,292.1416931152344,16515.818359375,33031.63671875,66.97390747070312,66.97394561767578,1915.8577880859375,3831.611572265625,1915.844970703125,3831.5859375,288.4591064453125,59.0165901184082,-9.484802490078437e-07,0.0,0.0,2582.677978515625,1290.1259765625,0.0,34.88648986816406,2906.63720703125,11.836812973022461,11.836857795715332,971.0772094726562,1942.0587158203125,49.99989700317383,49.9998893737793,100.0,0.0,0.0,344.9919738769531,0.0,7.924896240234375,17.18410873413086,17.18499183654785,0.0,1.034000039100647,0.9067617654800415,50.0,0.09999999403953552,2.2907917499542236,0.0,0.0,0.0,0.0,0.1928102480773201,0.0,0.0,-0.0,0.002991035580635071,-0.0029914705082774162,0.0,-4.3481122702360153e-07,100.40201568603516,100.4019775390625,790.7993774414062,790.7993774414062,790.7993774414062,550.3868408203125,0.0,0.0,34.88648986816406,0.0010999999940395355,0.02200000174343586,0.03299999609589577,78.25286865234375,5655.8173828125,114276.53125,0.02126905508339405,0.0,3.1392715754918754e-05,3067.80126953125,0.0,0.231320321559906,0.0191325880587101,0.0,0.0,34.8390007019043,0.0,0.0,1600.0,0.0,50.0,0.0,0.0,0.0,50.0,50.0,200.0,1.0,1.0,1.0000001192092896,0.0
2310.0,155.49932861328125,309.9742736816406,327.807861328125,327.8069763183594,292.1408386230469,292.1416931152344,16515.818359375,33031.63671875,66.97390747070312,66.97394561767578,1915.8577880859375,3831.611572265625,1915.844970703125,3831.5859375,288.45916748046875,59.0167350769043,-7.482635311362174e-08,0.0,0.0,2582.677978515625,1290.1259765625,0.0,34.885929107666016,2906.63720703125,11.836812973022461,11.836857795715332,971.0772094726562,1942.0587158203125,49.99989700317383,49.9998893737793,100.0,0.0,0.0,344.9919738769531,0.0,7.924896240234375,17.18410873413086,17.18499183654785,0.0,1.034000039100647,0.9067617654800415,50.0,0.09999999403953552,2.2907917499542236,0.0,0.0,0.0,0.0,0.1928102480773201,0.0,0.0,-0.0,0.002991035580635071,-0.0029914705082774162,0.0,-4.3481122702360153e-07,100.40201568603516,100.4019775390625,790.7993774414062,790.7993774414062,790.7993774414062,550.3868408203125,0.0,0.0,34.885929107666016,0.0010999999940395355,0.02200000174343586,0.03299999609589577,78.25286865234375,5655.8173828125,114276.53125,0.02126905508339405,0.0,3.1392715754918754e-05,3081.13623046875,0.0,0.231320321559906,0.0191325880587101,0.0,0.0,34.8390007019043,0.0,0.0,1600.0,0.0,50.0,0.0,0.0,0.0,50.0,50.0,200.0,1.0,1.0,1.0000001192092896,0.0
2320.0,155.49932861328125,309.9742736816406,327.807861328125,327.8069763183594,292.1408386230469,292.1416931152344,16515.818359375,33031.63671875,66.97390747070312,66.97394561767578,1915.8577880859375,3831.611572265625,1915.844970703125,3831.5859375,288.4591979980469,59.016883850097656,1.3710322264159913e-06,0.0,0.0,2582.677978515625,1290.1259765625,0.0,34.88539505004883,2906.63720703125,11.836812973022461,11.836857795715332,971.0772094726562,1942.0587158203125,49.99989700317383,49.9998893737793,100.0,0.0,0.0,344.9919738769531,0.0,7.924896240234375,17.18410873413086,17.18499183654785,0.0,1.034000039100647,0.9067617654800415,50.0,0.09999999403953552,2.2907917499542236,0.0,0.0,0.0,0.0,0.1928102480773201,0.0,0.0,-0.0,0.002991035580635071,-0.0029914705082774162,0.0,-4.3481122702360153e-07,100.40201568603516,100.4019775390625,790.7993774414062,790.7993774414062,790.7993774414062,550.3868408203125,0.0,0.0,34.88539505004883,0.0010999999940395355,0.02200000174343586,0.03299999609589577,78.25286865234375,5655.8173828125,114276.53125,0.02126905508339405,0.0,3.1392715754918754e-05,3094.47119140625,0.0,0.231320321559906,0.0191325880587101,0.0,0.0,34.8390007019043,0.0,0.0,1600.0,0.0,50.0,0.0,0.0,0.0,50.0,50.0,200.0,1.0,1.0,1.0000001192092896,0.0
2330.0,155.49932861328125,309.9742736816406,327.807861328125,327.8069763183594,292.1408386230469,292.1416931152344,16515.818359375,33031.63671875,66.97390747070312,66.97394561767578,1915.8577880859375,3831.611572265625,1915.844970703125,3831.5859375,288.4592590332031,59.017024993896484,1.672481516834523e-06,0.0,0.0,2582.677978515625,1290.1259765625,0.0,34.88483428955078,2906.63720703125,11.836812973022461,11.836857795715332,971.0772094726562,1942.0587158203125,49.99989700317383,49.9998893737793,100.0,0.0,0.0,344.9919738769531,0.0,7.924896240234375,17.18410873413086,17.18499183654785,0.0,1.034000039100647,0.9067617654800415,50.0,0.09999999403953552,2.2907917499542236,0.0,0.0,0.0,0.0,0.1928102480773201,0.0,0.0,-0.0,0.002991035580635071,-0.0029914705082774162,0.0,-4.3481122702360153e-07,100.40201568603516,100.4019775390625,790.7993774414062,790.7993774414062,790.7993774414062,550.3868408203125,0.0,0.0,34.88483428955078,0.0010999999940395355,0.02200000174343586,0.03299999609589577,78.25286865234375,5655.8173828125,114276.53125,0.02126905508339405,0.0,3.1392715754918754e-05,3107.80615234375,0.0,0.231320321559906,0.0191325880587101,0.0,0.0,34.8390007019043,0.0,0.0,1600.0,0.0,50.0,0.0,0.0,0.0,50.0,50.0,200.0,1.0,1.0,1.0000001192092896,0.0
2340.0,155.49932861328125,309.9742736816406,327.807861328125,327.8069763183594,292.1408386230469,292.1416931152344,16515.818359375,33031.63671875,66.97390747070312,66.97394561767578,1915.8577880859375,3831.611572265625,1915.844970703125,3831.5859375,288.4593200683594,59.017173767089844,3.1183401461021276e-06,0.0,0.0,2582.677978515625,1290.1259765625,0.0,34.884273529052734,2906.63720703125,11.836812973022461,11.836857795715332,971.0772094726562,1942.0587158203125,49.99989700317383,49.9998893737793,100.0,0.0,0.0,344.9919738769531,0.0,7.924896240234375,17.18410873413086,17.18499183654785,0.0,1.034000039100647,0.9067617654800415,50.0,0.09999999403953552,2.2907917499542236,0.0,0.0,0.0,0.0,0.1928102480773201,0.0,0.0,-0.0,0.002991035580635071,-0.0029914705082774162,0.0,-4.3481122702360153e-07,100.40201568603516,100.4019775390625,790.7993774414062,790.7993774414062,790.7993774414062,550.3868408203125,0.0,0.0,34.884273529052734,0.0010999999940395355,0.02200000174343586,0.03299999609589577,78.25286865234375,5655.8173828125,114276.53125,0.02126905508339405,0.0,3.1392715754918754e-05,3121.14111328125,0.0,0.231320321559906,0.0191325880587101,0.0,0.0,34.8390007019043,0.0,0.0,1600.0,0.0,50.0,0.0,0.0,0.0,50.0,50.0,200.0,1.0,1.0,1.0000001192092896,0.0
2350.0,155.49932861328125,309.9742736816406,327.807861328125,327.8069763183594,292.1408386230469,292.1416931152344,16515.818359375,33031.63671875,66.97390747070312,66.97394561767578,1915.8577880859375,3831.611572265625,1915.844970703125,3831.5859375,288.4593811035156,59.01732635498047,5.136403160577174e-06,0.0,0.0,2582.677978515625,1290.1259765625,0.0,34.88373947143555,2906.63720703125,11.836812973022461,11.836857795715332,971.0772094726562,1942.0587158203125,49.99989700317383,49.9998893737793,100.0,0.0,0.0,344.9919738769531,0.0,7.924896240234375,17.18410873413086,17.18499183654785,0.0,1.034000039100647,0.9067617654800415,50.0,0.09999999403953552,2.2907917499542236,0.0,0.0,0.0,0.0,0.1928102480773201,0.0,0.0,-0.0,0.002991035580635071,-0.0029914705082774162,0.0,-4.3481122702360153e-07,100.40201568603516,100.4019775390625,790.7993774414062,790.7993774414062,790.7993774414062,550.3868408203125,0.0,0.0,34.88373947143555,0.0010999999940395355,0.02200000174343586,0.03299999609589577,78.25286865234375,5655.8173828125,114276.53125,0.02126905508339405,0.0,3.1392715754918754e-05,3134.47607421875,0.0,0.231320321559906,0.0191325880587101,0.0,0.0,34.8390007019043,0.0,0.0,1600.0,0.0,50.0,0.0,0.0,0.0,50.0,50.0,200.0,1.0,1.0,1.0000001192092896,0.0
2360.0,155.49932861328125,309.9742736816406,327.807861328125,327.8069763183594,292.1408386230469,292.1416931152344,16515.818359375,33031.63671875,66.97390747070312,66.97394561767578,1915.8577880859375,3831.611572265625,1915.844970703125,3831.5859375,288.4594421386719,59.0174674987793,-4.997208179702284e-06,0.0,0.0,2582.677978515625,1290.1259765625,0.0,34.881839752197266,2906.63720703125,11.836812973022461,11.836857795715332,971.0772094726562,1942.0587158203125,49.99989700317383,49.9998893737793,100.0,0.0,0.0,344.9919738769531,0.0,7.924896240234375,17.18410873413086,17.18499183654785,0.0,1.034000039100647,0.9067617654800415,50.0,0.09999999403953552,2.2907917499542236,0.0,0.0,0.0,0.0,0.1928102480773201,0.0,0.0,-0.0,0.002991035580635071,-0.0029914705082774162,0.0,-4.3481122702360153e-07,100.40201568603516,100.4019775390625,790.7993774414062,790.7993774414062,790.7993774414062,550.3868408203125,0.0,0.0,34.881839752197266,0.0010999999940395355,0.02200000174343586,0.03299999609589577,78.25286865234375,5655.8173828125,114276.53125,0.02126905508339405,0.0,3.1392715754918754e-05,3147.81103515625,0.0,0.231320321559906,0.0191325880587101,0.0,0.0,34.8390007019043,0.0,0.0,1600.0,0.0,50.0,0.0,0.0,0.0,50.0,50.0,200.0,1.0,1.0,1.0000001192092896,0.0
2370.0,155.49932861328125,309.9742736816406,327.807861328125,327.8069763183594,292.1408386230469,292.1416931152344,16515.818359375,33031.63671875,66.97390747070312,66.97394561767578,1915.8577880859375,3831.611572265625,1915.844970703125,3831.5859375,288.4595031738281,59.017616271972656,-3.5513498914951924e-06,0.0,0.0,2582.677978515625,1290.1259765625,0.0,34.88264465332031,2906.63720703125,11.836812973022461,11.836857795715332,971.0772094726562,1942.0587158203125,49.99989700317383,49.9998893737793,100.0,0.0,0.0,344.9919738769531,0.0,7.924896240234375,17.18410873413086,17.18499183654785,0.0,1.034000039100647,0.9067617654800415,50.0,0.09999999403953552,2.2907917499542236,0.0,0.0,0.0,0.0,0.1928102480773201,0.0,0.0,-0.0,0.002991035580635071,-0.0029914705082774162,0.0,-4.3481122702360153e-07,100.40201568603516,100.4019775390625,790.7993774414062,790.7993774414062,790.7993774414062,550.3868408203125,0.0,0.0,34.88264465332031,0.0010999999940395355,0.02200000174343586,0.03299999609589577,78.25286865234375,5655.8173828125,114276.53125,0.02126905508339405,0.0,3.1392715754918754e-05,3161.14599609375,0.0,0.231320321559906,0.0191325880587101,0.0,0.0,34.8390007019043,0.0,0.0,1600.0,0.0,50.0,0.0,0.0,0.0,50.0,50.0,200.0,1.0,1.0,1.0000001192092896,0.0
2380.0,155.49932861328125,309.9742736816406,327.807861328125,327.8069763183594,292.1408386230469,292.1416931152344,16515.818359375,33031.63671875,66.97390747070312,66.97394561767578,1915.8577880859375,3831.611572265625,1915.844970703125,3831.5859375,288.4595642089844,59.01776123046875,-2.6776958748087054e-06,0.0,0.0,2582.677978515625,1290.1259765625,0.0,34.88074493408203,2906.63720703125,11.836812973022461,11.836857795715332,971.0772094726562,1942.0587158203125,49.99989700317383,49.9998893737793,100.0,0.0,0.0,344.9919738769531,0.0,7.924896240234375,17.18410873413086,17.18499183654785,0.0,1.034000039100647,0.9067617654800415,50.0,0.09999999403953552,2.2907917499542236,0.0,0.0,0.0,0.0,0.1928102480773201,0.0,0.0,-0.0,0.002991035580635071,-0.0029914705082774162,0.0,-4.3481122702360153e-07,100.40201568603516,100.4019775390625,790.7993774414062,790.7993774414062,790.7993774414062,550.3868408203125,0.0,0.0,34.88074493408203,0.0010999999940395355,0.02200000174343586,0.03299999609589577,78.25286865234375,5655.8173828125,114276.53125,0.02126905508339405,0.0,3.1392715754918754e-05,3174.48095703125,0.0,0.231320321559906,0.0191325880587101,0.0,0.0,34.8390007019043,0.0,0.0,1600.0,0.0,50.0,0.0,0.0,0.0,50.0,50.0,200.0,1.0,1.0,1.0000001192092896,0.0
2390.0,155.49932861328125,309.9742736816406,327.807861328125,327.8069763183594,292.1408386230469,292.1416931152344,16515.818359375,33031.63671875,66.97390747070312,66.97394561767578,1915.8577880859375,3831.611572265625,1915.844970703125,3831.5859375,288.4596252441406,59.01790237426758,-2.3762465843901737e-06,0.0,0.0,2582.677978515625,1290.1259765625,0.0,34.88154602050781,2906.63720703125,11.836812973022461,11.836857795715332,971.0772094726562,1942.0587158203125,49.99989700317383,49.9998893737793,100.0,0.0,0.0,344.9919738769531,0.0,7.924896240234375,17.18410873413086,17.18499183654785,0.0,1.034000039100647,0.9067617654800415,50.0,0.09999999403953552,2.2907917499542236,0.0,0.0,0.0,0.0,0.1928102480773201,0.0,0.0,-0.0,0.002991035580635071,-0.0029914705082774162,0.0,-4.3481122702360153e-07,100.40201568603516,100.4019775390625,790.7993774414062,790.7993774414062,790.7993774414062,550.3868408203125,0.0,0.0,34.88154602050781,0.0010999999940395355,0.02200000174343586,0.03299999609589577,78.25286865234375,5655.8173828125,114276.53125,0.02126905508339405,0.0,3.1392715754918754e-05,3187.81591796875,0.0,0.231320321559906,0.0191325880587101,0.0,0.0,34.8390007019043,0.0,0.0,1600.0,0.0,50.0,0.0,0.0,0.0,50.0,50.0,200.0,1.0,1.0,1.0000001192092896,0.0
2400.0,155.49932861328125,309.9742736816406,327.807861328125,327.8069763183594,292.1408386230469,292.1416931152344,16515.818359375,33031.63671875,66.97390747070312,66.97394561767578,1915.8577880859375,3831.611572265625,1915.844970703125,3831.5859375,288.4596862792969,59.01805114746094,-9.30388011965988e-07,0.0,0.0,2582.677978515625,1290.1259765625,0.0,34.87964630126953,2906.63720703125,11.836812973022461,11.836857795715332,971.0772094726562,1942.0587158203125,49.99989700317383,49.9998893737793,100.0,0.0,0.0,344.9919738769531,0.0,7.924896240234375,17.18410873413086,17.18499183654785,0.0,1.034000039100647,0.9067617654800415,50.0,0.09999999403953552,2.2907917499542236,0.0,0.0,0.0,0.0,0.1928102480773201,0.0,0.0,-0.0,0.002991035580635071,-0.0029914705082774162,0.0,-4.3481122702360153e-07,100.40201568603516,100.4019775390625,790.7993774414062,790.7993774414062,790.7993774414062,550.3868408203125,0.0,0.0,34.87964630126953,0.0010999999940395355,0.02200000174343586,0.03299999609589577,78.25286865234375,5655.8173828125,114276.53125,0.02126905508339405,0.0,3.1392715754918754e-05,3201.15087890625,0.0,0.231320321559906,0.0191325880587101,0.0,0.0,34.8390007019043,0.0,0.0,1600.0,0.0,50.0,0.0,0.0,0.0,50.0,50.0,200.0,1.0,1.0,1.0000001192092896,0.0
2410.0,155.49932861328125,309.9742736816406,327.807861328125,327.8069763183594,292.1408386230469,292.1416931152344,16515.818359375,33031.63671875,66.97390747070312,66.97394561767578,1915.8577880859375,3831.611572265625,1915.844970703125,3831.5859375,288.4597473144531,59.0181999206543,5.1547044677136e-07,0.0,0.0,2582.677978515625,1290.1259765625,0.0,34.880455017089844,2906.63720703125,11.836812973022461,11.836857795715332,971.0772094726562,1942.0587158203125,49.99989700317383,49.9998893737793,100.0,0.0,0.0,344.9919738769531,0.0,7.924896240234375,17.18410873413086,17.18499183654785,0.0,1.034000039100647,0.9067617654800415,50.0,0.09999999403953552,2.2907917499542236,0.0,0.0,0.0,0.0,0.1928102480773201,0.0,0.0,-0.0,0.002991035580635071,-0.0029914705082774162,0.0,-4.3481122702360153e-07,100.40201568603516,100.4019775390625,790.7993774414062,790.7993774414062,790.7993774414062,550.3868408203125,0.0,0.0,34.880455017089844,0.0010999999940395355,0.02200000174343586,0.03299999609589577,78.25286865234375,5655.8173828125,114276.53125,0.02126905508339405,0.0,3.1392715754918754e-05,3214.48583984375,0.0,0.231320321559906,0.0191325880587101,0.0,0.0,34.8390007019043,0.0,0.0,1600.0,0.0,50.0,0.0,0.0,0.0,50.0,50.0,200.0,1.0,1.0,1.0000001192092896,0.0
2420.0,155.49932861328125,309.9742736816406,327.807861328125,327.8069763183594,292.1408386230469,292.1416931152344,16515.818359375,33031.63671875,66.97390747070312,66.97394561767578,1915.8577880859375,3831.611572265625,1915.844970703125,3831.5859375,288.45977783203125,59.01834487915039,1.3891243497710093e-06,0.0,0.0,2582.677978515625,1290.1259765625,0.0,34.8798942565918,2906.63720703125,11.836812973022461,11.836857795715332,971.0772094726562,1942.0587158203125,49.99989700317383,49.9998893737793,100.0,0.0,0.0,344.9919738769531,0.0,7.924896240234375,17.18410873413086,17.18499183654785,0.0,1.034000039100647,0.9067617654800415,50.0,0.09999999403953552,2.2907917499542236,0.0,0.0,0.0,0.0,0.1928102480773201,0.0,0.0,-0.0,0.002991035580635071,-0.0029914705082774162,0.0,-4.3481122702360153e-07,100.40201568603516,100.4019775390625,790.7993774414062,790.7993774414062,790.7993774414062,550.3868408203125,0.0,0.0,34.8798942565918,0.0010999999940395355,0.02200000174343586,0.03299999609589577,78.25286865234375,5655.8173828125,114276.53125,0.02126905508339405,0.0,3.1392715754918754e-05,3227.82080078125,0.0,0.231320321559906,0.0191325880587101,0.0,0.0,34.8390007019043,0.0,0.0,1600.0,0.0,50.0,0.0,0.0,0.0,50.0,50.0,200.0,1.0,1.0,1.0000001192092896,0.0
2430.0,155.49932861328125,309.9742736816406,327.807861328125,327.8069763183594,292.1408386230469,292.1416931152344,16515.818359375,33031.63671875,66.97390747070312,66.97394561767578,1915.8577880859375,3831.611572265625,1915.844970703125,3831.5859375,288.4598388671875,59.01849365234375,2.834982979038614e-06,0.0,0.0,2582.677978515625,1290.1259765625,0.0,34.877994537353516,2906.63720703125,11.836812973022461,11.836857795715332,971.0772094726562,1942.0587158203125,49.99989700317383,49.9998893737793,100.0,0.0,0.0,344.9919738769531,0.0,7.924896240234375,17.18410873413086,17.18499183654785,0.0,1.034000039100647,0.9067617654800415,50.0,0.09999999403953552,2.2907917499542236,0.0,0.0,0.0,0.0,0.1928102480773201,0.0,0.0,-0.0,0.002991035580635071,-0.0029914705082774162,0.0,-4.3481122702360153e-07,100.40201568603516,100.4019775390625,790.7993774414062,790.7993774414062,790.7993774414062,550.3868408203125,0.0,0.0,34.877994537353516,0.0010999999940395355,0.02200000174343586,0.03299999609589577,78.25286865234375,5655.8173828125,114276.53125,0.02126905508339405,0.0,3.1392715754918754e-05,3241.15576171875,0.0,0.231320321559906,0.0191325880587101,0.0,0.0,34.8390007019043,0.0,0.0,1600.0,0.0,50.0,0.0,0.0,0.0,50.0,50.0,200.0,1.0,1.0,1.0000001192092896,0.0
2440.0,155.49932861328125,309.9742736816406,327.807861328125,327.8069763183594,292.1408386230469,292.1416931152344,16515.818359375,33031.63671875,66.97390747070312,66.97394561767578,1915.8577880859375,3831.611572265625,1915.844970703125,3831.5859375,288.45989990234375,59.01863479614258,3.1364322694571456e-06,0.0,0.0,2582.677978515625,1290.1259765625,0.0,34.87879943847656,2906.63720703125,11.836812973022461,11.836857795715332,971.0772094726562,1942.0587158203125,49.99989700317383,49.9998893737793,100.0,0.0,0.0,344.9919738769531,0.0,7.924896240234375,17.18410873413086,17.18499183654785,0.0,1.034000039100647,0.9067617654800415,50.0,0.09999999403953552,2.2907917499542236,0.0,0.0,0.0,0.0,0.1928102480773201,0.0,0.0,-0.0,0.002991035580635071,-0.0029914705082774162,0.0,-4.3481122702360153e-07,100.40201568603516,100.4019775390625,790.7993774414062,790.7993774414062,790.7993774414062,550.3868408203125,0.0,0.0,34.87879943847656,0.0010999999940395355,0.02200000174343586,0.03299999609589577,78.25286865234375,5655.8173828125,114276.53125,0.02126905508339405,0.0,3.1392715754918754e-05,3254.49072265625,0.0,0.231320321559906,0.0191325880587101,0.0,0.0,34.8390007019043,0.0,0.0,1600.0,0.0,50.0,0.0,0.0,0.0,50.0,50.0,200.0,1.0,1.0,1.0000001192092896,0.0
2450.0,155.49932861328125,309.9742736816406,327.807861328125,327.8069763183594,292.1408386230469,292.1416931152344,16515.818359375,33031.63671875,66.97390747070312,66.97394561767578,1915.8577880859375,3831.611572265625,1915.844970703125,3831.5859375,288.4599609375,59.01878356933594,4.5822907850379124e-06,0.0,0.0,2582.677978515625,1290.1259765625,0.0,34.87689971923828,2906.63720703125,11.836812973022461,11.836857795715332,971.0772094726562,1942.0587158203125,49.99989700317383,49.9998893737793,100.0,0.0,0.0,344.9919738769531,0.0,7.924896240234375,17.18410873413086,17.18499183654785,0.0,1.034000039100647,0.9067617654800415,50.0,0.09999999403953552,2.2907917499542236,0.0,0.0,0.0,0.0,0.1928102480773201,0.0,0.0,-0.0,0.002991035580635071,-0.0029914705082774162,0.0,-4.3481122702360153e-07,100.40201568603516,100.4019775390625,790.7993774414062,790.7993774414062,790.7993774414062,550.3868408203125,0.0,0.0,34.87689971923828,0.0010999999940395355,0.02200000174343586,0.03299999609589577,78.25286865234375,5655.8173828125,114276.53125,0.02126905508339405,0.0,3.1392715754918754e-05,3267.82568359375,0.0,0.231320321559906,0.0191325880587101,0.0,0.0,34.8390007019043,0.0,0.0,1600.0,0.0,50.0,0.0,0.0,0.0,50.0,50.0,200.0,1.0,1.0,1.0000001192092896,0.0
2460.0,155.49932861328125,309.9742736816406,327.807861328125,327.8069763183594,292.1408386230469,292.1416931152344,16515.818359375,33031.63671875,66.97390747070312,66.97394561767578,1915.8577880859375,3831.611572265625,1915.844970703125,3831.5859375,288.4600524902344,59.01892852783203,-4.979116056347266e-06,0.0,0.0,2582.677978515625,1290.1259765625,0.0,34.87770462036133,2906.63720703125,11.836812973022461,11.836857795715332,971.0772094726562,1942.0587158203125,49.99989700317383,49.9998893737793,100.0,0.0,0.0,344.9919738769531,0.0,7.924896240234375,17.18410873413086,17.18499183654785,0.0,1.034000039100647,0.9067617654800415,50.0,0.09999999403953552,2.2907917499542236,0.0,0.0,0.0,0.0,0.1928102480773201,0.0,0.0,-0.0,0.002991035580635071,-0.0029914705082774162,0.0,-4.3481122702360153e-07,100.40201568603516,100.4019775390625,790.7993774414062,790.7993774414062,790.7993774414062,550.3868408203125,0.0,0.0,34.87770462036133,0.0010999999940395355,0.02200000174343586,0.03299999609589577,78.25286865234375,5655.8173828125,114276.53125,0.02126905508339405,0.0,3.1392715754918754e-05,3281.16064453125,0.0,0.231320321559906,0.0191325880587101,0.0,0.0,34.8390007019043,0.0,0.0,1600.0,0.0,50.0,0.0,0.0,0.0,50.0,50.0,200.0,1.0,1.0,1.0000001192092896,0.0
2470.0,155.49932861328125,309.9742736816406,327.807861328125,327.8069763183594,292.1408386230469,292.1416931152344,16515.818359375,33031.63671875,66.97390747070312,66.97394561767578,1915.8577880859375,3831.611572265625,1915.844970703125,3831.5859375,288.4600830078125,59.01907730102539,-3.533257540766499e-06,0.0,0.0,2582.677978515625,1290.1259765625,0.0,34.87580490112305,2906.63720703125,11.836812973022461,11.836857795715332,971.0772094726562,1942.0587158203125,49.99989700317383,49.9998893737793,100.0,0.0,0.0,344.9919738769531,0.0,7.924896240234375,17.18410873413086,17.18499183654785,0.0,1.034000039100647,0.9067617654800415,50.0,0.09999999403953552,2.2907917499542236,0.0,0.0,0.0,0.0,0.1928102480773201,0.0,0.0,-0.0,0.002991035580635071,-0.0029914705082774162,0.0,-4.3481122702360153e-07,100.40201568603516,100.4019775390625,790.7993774414062,790.7993774414062,790.7993774414062,550.3868408203125,0.0,0.0,34.87580490112305,0.0010999999940395355,0.02200000174343586,0.03299999609589577,78.25286865234375,5655.8173828125,114276.53125,0.02126905508339405,0.0,3.1392715754918754e-05,3294.49560546875,0.0,0.231320321559906,0.0191325880587101,0.0,0.0,34.8390007019043,0.0,0.0,1600.0,0.0,50.0,0.0,0.0,0.0,50.0,50.0,200.0,1.0,1.0,1.0000001192092896,0.0
2480.0,155.49932861328125,309.9742736816406,327.807861328125,327.8069763183594,292.1408386230469,292.1416931152344,16515.818359375,33031.63671875,66.97390747070312,66.97394561767578,1915.8577880859375,3831.611572265625,1915.844970703125,3831.5859375,288.46014404296875,59.01922607421875,-2.087399025185732e-06,0.0,0.0,2582.677978515625,1290.1259765625,0.0,34.875244140625,2906.63720703125,11.836812973022461,11.836857795715332,971.0772094726562,1942.0587158203125,49.99989700317383,49.9998893737793,100.0,0.0,0.0,344.9919738769531,0.0,7.924896240234375,17.18410873413086,17.18499183654785,0.0,1.034000039100647,0.9067617654800415,50.0,0.09999999403953552,2.2907917499542236,0.0,0.0,0.0,0.0,0.1928102480773201,0.0,0.0,-0.0,0.002991035580635071,-0.0029914705082774162,0.0,-4.3481122702360153e-07,100.40201568603516,100.4019775390625,790.7993774414062,790.7993774414062,790.7993774414062,550.3868408203125,0.0,0.0,34.875244140625,0.0010999999940395355,0.02200000174343586,0.03299999609589577,78.25286865234375,5655.8173828125,114276.53125,0.02126905508339405,0.0,3.1392715754918754e-05,3307.83056640625,0.0,0.231320321559906,0.0191325880587101,0.0,0.0,34.8390007019043,0.0,0.0,1600.0,0.0,50.0,0.0,0.0,0.0,50.0,50.0,200.0,1.0,1.0,1.0000001192092896,0.0
2490.0,155.49932861328125,309.9742736816406,327.807861328125,327.8069763183594,292.1408386230469,292.1416931152344,16515.818359375,33031.63671875,66.97390747070312,66.97394561767578,1915.8577880859375,3831.611572265625,1915.844970703125,3831.5859375,288.460205078125,59.01936721801758,-1.7859497347672004e-06,0.0,0.0,2582.677978515625,1290.1259765625,0.0,34.87605285644531,2906.63720703125,11.836812973022461,11.836857795715332,971.0772094726562,1942.0587158203125,49.99989700317383,49.9998893737793,100.0,0.0,0.0,344.9919738769531,0.0,7.924896240234375,17.18410873413086,17.18499183654785,0.0,1.034000039100647,0.9067617654800415,50.0,0.09999999403953552,2.2907917499542236,0.0,0.0,0.0,0.0,0.1928102480773201,0.0,0.0,-0.0,0.002991035580635071,-0.0029914705082774162,0.0,-4.3481122702360153e-07,100.40201568603516,100.4019775390625,790.7993774414062,790.7993774414062,790.7993774414062,550.3868408203125,0.0,0.0,34.87605285644531,0.0010999999940395355,0.02200000174343586,0.03299999609589577,78.25286865234375,5655.8173828125,114276.53125,0.02126905508339405,0.0,3.1392715754918754e-05,3321.16552734375,0.0,0.231320321559906,0.0191325880587101,0.0,0.0,34.8390007019043,0.0,0.0,1600.0,0.0,50.0,0.0,0.0,0.0,50.0,50.0,200.0,1.0,1.0,1.0000001192092896,0.0
2500.0,155.49932861328125,309.9742736816406,327.807861328125,327.8069763183594,292.1408386230469,292.1416931152344,16515.818359375,33031.63671875,66.97390747070312,66.97394561767578,1915.8577880859375,3831.611572265625,1915.844970703125,3831.5859375,288.46026611328125,59.01951599121094,-3.40091247608143e-07,0.0,0.0,2582.677978515625,1290.1259765625,0.0,34.875511169433594,2906.63720703125,11.836812973022461,11.836857795715332,971.0772094726562,1942.0587158203125,49.99989700317383,49.9998893737793,100.0,0.0,0.0,344.9919738769531,0.0,7.924896240234375,17.18410873413086,17.18499183654785,0.0,1.034000039100647,0.9067617654800415,50.0,0.09999999403953552,2.2907917499542236,0.0,0.0,0.0,0.0,0.1928102480773201,0.0,0.0,-0.0,0.002991035580635071,-0.0029914705082774162,0.0,-4.3481122702360153e-07,100.40201568603516,100.4019775390625,790.7993774414062,790.7993774414062,790.7993774414062,550.3868408203125,0.0,0.0,34.875511169433594,0.0010999999940395355,0.02200000174343586,0.03299999609589577,78.25286865234375,5655.8173828125,114276.53125,0.02126905508339405,0.0,3.1392715754918754e-05,3334.50048828125,0.0,0.231320321559906,0.0191325880587101,0.0,0.0,34.8390007019043,0.0,0.0,1600.0,0.0,50.0,0.0,0.0,0.0,50.0,50.0,200.0,1.0,1.0,1.0000001192092896,0.0
2510.0,155.49932861328125,309.9742736816406,327.807861328125,327.8069763183594,292.1408386230469,292.1416931152344,16515.818359375,33031.63671875,66.97390747070312,66.97394561767578,1915.8577880859375,3831.611572265625,1915.844970703125,3831.5859375,288.4603271484375,59.01966094970703,5.335626838132157e-07,0.0,0.0,2582.677978515625,1290.1259765625,0.0,34.87495422363281,2906.63720703125,11.836812973022461,11.836857795715332,971.0772094726562,1942.0587158203125,49.99989700317383,49.9998893737793,100.0,0.0,0.0,344.9919738769531,0.0,7.924896240234375,17.18410873413086,17.18499183654785,0.0,1.034000039100647,0.9067617654800415,50.0,0.09999999403953552,2.2907917499542236,0.0,0.0,0.0,0.0,0.1928102480773201,0.0,0.0,-0.0,0.002991035580635071,-0.0029914705082774162,0.0,-4.3481122702360153e-07,100.40201568603516,100.4019775390625,790.7993774414062,790.7993774414062,790.7993774414062,550.3868408203125,0.0,0.0,34.87495422363281,0.0010999999940395355,0.02200000174343586,0.03299999609589577,78.25286865234375,5655.8173828125,114276.53125,0.02126905508339405,0.0,3.1392715754918754e-05,3347.83544921875,0.0,0.231320321559906,0.0191325880587101,0.0,0.0,34.8390007019043,0.0,0.0,1600.0,0.0,50.0,0.0,0.0,0.0,50.0,50.0,200.0,1.0,1.0,1.0000001192092896,0.0
2520.0,155.49932861328125,309.9742736816406,327.807861328125,327.8069763183594,292.1408386230469,292.1416931152344,16515.818359375,33031.63671875,66.97390747070312,66.97394561767578,1915.8577880859375,3831.611572265625,1915.844970703125,3831.5859375,288.4603576660156,59.019805908203125,1.407216586812865e-06,0.0,0.0,2582.677978515625,1290.1259765625,0.0,34.874420166015625,2906.63720703125,11.836812973022461,11.836857795715332,971.0772094726562,1942.0587158203125,49.99989700317383,49.9998893737793,100.0,0.0,0.0,344.9919738769531,0.0,7.924896240234375,17.18410873413086,17.18499183654785,0.0,1.034000039100647,0.9067617654800415,50.0,0.09999999403953552,2.2907917499542236,0.0,0.0,0.0,0.0,0.1928102480773201,0.0,0.0,-0.0,0.002991035580635071,-0.0029914705082774162,0.0,-4.3481122702360153e-07,100.40201568603516,100.4019775390625,790.7993774414062,790.7993774414062,790.7993774414062,550.3868408203125,0.0,0.0,34.874420166015625,0.0010999999940395355,0.02200000174343586,0.03299999609589577,78.25286865234375,5655.8173828125,114276.53125,0.02126905508339405,0.0,3.1392715754918754e-05,3361.17041015625,0.0,0.231320321559906,0.0191325880587101,0.0,0.0,34.8390007019043,0.0,0.0,1600.0,0.0,50.0,0.0,0.0,0.0,50.0,50.0,200.0,1.0,1.0,1.0000001192092896,0.0
2530.0,155.49932861328125,309.9742736816406,327.807861328125,327.8069763183594,292.1408386230469,292.1416931152344,16515.818359375,33031.63671875,66.97390747070312,66.97394561767578,1915.8577880859375,3831.611572265625,1915.844970703125,3831.5859375,288.4604187011719,59.01994705200195,1.7086658772313967e-06,0.0,0.0,2582.677978515625,1290.1259765625,0.0,34.87388229370117,2906.63720703125,11.836812973022461,11.836857795715332,971.0772094726562,1942.0587158203125,49.99989700317383,49.9998893737793,100.0,0.0,0.0,344.9919738769531,0.0,7.924896240234375,17.18410873413086,17.18499183654785,0.0,1.034000039100647,0.9067617654800415,50.0,0.09999999403953552,2.2907917499542236,0.0,0.0,0.0,0.0,0.1928102480773201,0.0,0.0,-0.0,0.002991035580635071,-0.0029914705082774162,0.0,-4.3481122702360153e-07,100.40201568603516,100.4019775390625,790.7993774414062,790.7993774414062,790.7993774414062,550.3868408203125,0.0,0.0,34.87388229370117,0.0010999999940395355,0.02200000174343586,0.03299999609589577,78.25286865234375,5655.8173828125,114276.53125,0.02126905508339405,0.0,3.1392715754918754e-05,3374.50537109375,0.0,0.231320321559906,0.0191325880587101,0.0,0.0,34.8390007019043,0.0,0.0,1600.0,0.0,50.0,0.0,0.0,0.0,50.0,50.0,200.0,1.0,1.0,1.0000001192092896,0.0
2540.0,155.49932861328125,309.9742736816406,327.807861328125,327.8069763183594,292.1408386230469,292.1416931152344,16515.818359375,33031.63671875,66.97390747070312,66.97394561767578,1915.8577880859375,3831.611572265625,1915.844970703125,3831.5859375,288.4604797363281,59.02006149291992,-1.995317234104732e-06,0.0,0.0,2582.677978515625,1290.1259765625,0.0,34.872093200683594,2906.63720703125,11.836812973022461,11.836857795715332,971.0772094726562,1942.0587158203125,49.99989700317383,49.9998893737793,100.0,0.0,0.0,344.9919738769531,0.0,7.924896240234375,17.18410873413086,17.18499183654785,0.0,1.034000039100647,0.9067617654800415,50.0,0.09999999403953552,2.2907917499542236,0.0,0.0,0.0,0.0,0.1928102480773201,0.0,0.0,-0.0,0.002991035580635071,-0.0029914705082774162,0.0,-4.3481122702360153e-07,100.40201568603516,100.4019775390625,790.7993774414062,790.7993774414062,790.7993774414062,550.3868408203125,0.0,0.0,34.872093200683594,0.0010999999940395355,0.02200000174343586,0.03299999609589577,78.25286865234375,5655.8173828125,114276.53125,0.02126905508339405,0.0,3.1392715754918754e-05,3387.84033203125,0.0,0.231320321559906,0.0191325880587101,0.0,0.0,34.8390007019043,0.0,0.0,1600.0,0.0,50.0,0.0,0.0,0.0,50.0,50.0,200.0,1.0,1.0,1.0000001192092896,0.0
2550.0,155.49932861328125,309.9742736816406,327.807861328125,327.8069763183594,292.1408386230469,292.1416931152344,16515.818359375,33031.63671875,66.97390747070312,66.97394561767578,1915.8577880859375,3831.611572265625,1915.844970703125,3831.5859375,288.46051025390625,59.020172119140625,4.163555786362849e-06,0.0,0.0,2582.677978515625,1290.1259765625,0.0,34.8730354309082,2906.63720703125,11.836812973022461,11.836857795715332,971.0772094726562,1942.0587158203125,49.99989700317383,49.9998893737793,100.0,0.0,0.0,344.9919738769531,0.0,7.924896240234375,17.18410873413086,17.18499183654785,0.0,1.034000039100647,0.9067617654800415,50.0,0.09999999403953552,2.2907917499542236,0.0,0.0,0.0,0.0,0.1928102480773201,0.0,0.0,-0.0,0.002991035580635071,-0.0029914705082774162,0.0,-4.3481122702360153e-07,100.40201568603516,100.4019775390625,790.7993774414062,790.7993774414062,790.7993774414062,550.3868408203125,0.0,0.0,34.8730354309082,0.0010999999940395355,0.02200000174343586,0.03299999609589577,78.25286865234375,5655.8173828125,114276.53125,0.02126905508339405,0.0,3.1392715754918754e-05,3401.17529296875,0.0,0.231320321559906,0.0191325880587101,0.0,0.0,34.8390007019043,0.0,0.0,1600.0,0.0,50.0,0.0,0.0,0.0,50.0,50.0,200.0,1.0,1.0,1.0000001192092896,0.0
2560.0,155.49932861328125,309.9742736816406,327.807861328125,327.8069763183594,292.1408386230469,292.1416931152344,16515.818359375,33031.63671875,66.97390747070312,66.97394561767578,1915.8577880859375,3831.611572265625,1915.844970703125,3831.5859375,288.4605712890625,59.02027893066406,-6.848362659184204e-07,0.0,0.0,2582.677978515625,1290.1259765625,0.0,34.87260818481445,2906.63720703125,11.836812973022461,11.836857795715332,971.0772094726562,1942.0587158203125,49.99989700317383,49.9998893737793,100.0,0.0,0.0,344.9919738769531,0.0,7.924896240234375,17.18410873413086,17.18499183654785,0.0,1.034000039100647,0.9067617654800415,50.0,0.09999999403953552,2.2907917499542236,0.0,0.0,0.0,0.0,0.1928102480773201,0.0,0.0,-0.0,0.002991035580635071,-0.0029914705082774162,0.0,-4.3481122702360153e-07,100.40201568603516,100.4019775390625,790.7993774414062,790.7993774414062,790.7993774414062,550.3868408203125,0.0,0.0,34.87260818481445,0.0010999999940395355,0.02200000174343586,0.03299999609589577,78.25286865234375,5655.8173828125,114276.53125,0.02126905508339405,0.0,3.1392715754918754e-05,3414.51025390625,0.0,0.231320321559906,0.0191325880587101,0.0,0.0,34.8390007019043,0.0,0.0,1600.0,0.0,50.0,0.0,0.0,0.0,50.0,50.0,200.0,1.0,1.0,1.0000001192092896,0.0
2570.0,155.49932861328125,309.9742736816406,327.807861328125,327.8069763183594,292.1408386230469,292.1416931152344,16515.818359375,33031.63671875,66.97390747070312,66.97394561767578,1915.8577880859375,3831.611572265625,1915.844970703125,3831.5859375,288.46063232421875,59.02039337158203,-4.388819434097968e-06,0.0,0.0,2582.677978515625,1290.1259765625,0.0,34.8722038269043,2906.63720703125,11.836812973022461,11.836857795715332,971.0772094726562,1942.0587158203125,49.99989700317383,49.9998893737793,100.0,0.0,0.0,344.9919738769531,0.0,7.924896240234375,17.18410873413086,17.18499183654785,0.0,1.034000039100647,0.9067617654800415,50.0,0.09999999403953552,2.2907917499542236,0.0,0.0,0.0,0.0,0.1928102480773201,0.0,0.0,-0.0,0.002991035580635071,-0.0029914705082774162,0.0,-4.3481122702360153e-07,100.40201568603516,100.4019775390625,790.7993774414062,790.7993774414062,790.7993774414062,550.3868408203125,0.0,0.0,34.8722038269043,0.0010999999940395355,0.02200000174343586,0.03299999609589577,78.25286865234375,5655.8173828125,114276.53125,0.02126905508339405,0.0,3.1392715754918754e-05,3427.84521484375,0.0,0.231320321559906,0.0191325880587101,0.0,0.0,34.8390007019043,0.0,0.0,1600.0,0.0,50.0,0.0,0.0,0.0,50.0,50.0,200.0,1.0,1.0,1.0000001192092896,0.0
2580.0,155.49932861328125,309.9742736816406,327.807861328125,327.8069763183594,292.1408386230469,292.1416931152344,16515.818359375,33031.63671875,66.97390747070312,66.97394561767578,1915.8577880859375,3831.611572265625,1915.844970703125,3831.5859375,288.46063232421875,59.02050018310547,1.197849201162171e-06,0.0,0.0,2582.677978515625,1290.1259765625,0.0,34.871803283691406,2906.63720703125,11.836812973022461,11.836857795715332,971.0772094726562,1942.0587158203125,49.99989700317383,49.9998893737793,100.0,0.0,0.0,344.9919738769531,0.0,7.924896240234375,17.18410873413086,17.18499183654785,0.0,1.034000039100647,0.9067617654800415,50.0,0.09999999403953552,2.2907917499542236,0.0,0.0,0.0,0.0,0.1928102480773201,0.0,0.0,-0.0,0.002991035580635071,-0.0029914705082774162,0.0,-4.3481122702360153e-07,100.40201568603516,100.4019775390625,790.7993774414062,790.7993774414062,790.7993774414062,550.3868408203125,0.0,0.0,34.871803283691406,0.0010999999940395355,0.02200000174343586,0.03299999609589577,78.25286865234375,5655.8173828125,114276.53125,0.02126905508339405,0.0,3.1392715754918754e-05,3441.18017578125,0.0,0.231320321559906,0.0191325880587101,0.0,0.0,34.8390007019043,0.0,0.0,1600.0,0.0,50.0,0.0,0.0,0.0,50.0,50.0,200.0,1.0,1.0,1.0000001192092896,0.0
2590.0,155.49932861328125,309.9742736816406,327.807861328125,327.8069763183594,292.1408386230469,292.1416931152344,16515.818359375,33031.63671875,66.97390747070312,66.97394561767578,1915.8577880859375,3831.611572265625,1915.844970703125,3831.5859375,288.460693359375,59.020606994628906,-3.650543021649355e-06,0.0,0.0,2582.677978515625,1290.1259765625,0.0,34.871402740478516,2906.63720703125,11.836812973022461,11.836857795715332,971.0772094726562,1942.0587158203125,49.99989700317383,49.9998893737793,100.0,0.0,0.0,344.9919738769531,0.0,7.924896240234375,17.18410873413086,17.18499183654785,0.0,1.034000039100647,0.9067617654800415,50.0,0.09999999403953552,2.2907917499542236,0.0,0.0,0.0,0.0,0.1928102480773201,0.0,0.0,-0.0,0.002991035580635071,-0.0029914705082774162,0.0,-4.3481122702360153e-07,100.40201568603516,100.4019775390625,790.7993774414062,790.7993774414062,790.7993774414062,550.3868408203125,0.0,0.0,34.871402740478516,0.0010999999940395355,0.02200000174343586,0.03299999609589577,78.25286865234375,5655.8173828125,114276.53125,0.02126905508339405,0.0,3.1392715754918754e-05,3454.51513671875,0.0,0.231320321559906,0.0191325880587101,0.0,0.0,34.8390007019043,0.0,0.0,1600.0,0.0,50.0,0.0,0.0,0.0,50.0,50.0,200.0,1.0,1.0,1.0000001192092896,0.0
2600.0,155.49932861328125,309.9742736816406,327.807861328125,327.8069763183594,292.1408386230469,292.1416931152344,16515.818359375,33031.63671875,66.97390747070312,66.97394561767578,1915.8577880859375,3831.611572265625,1915.844970703125,3831.5859375,288.4607238769531,59.020687103271484,-2.069306901830714e-06,0.0,0.0,2582.677978515625,1290.1259765625,0.0,34.87245178222656,2906.63720703125,11.836812973022461,11.836857795715332,971.0772094726562,1942.0587158203125,49.99989700317383,49.9998893737793,100.0,0.0,0.0,344.9919738769531,0.0,7.924896240234375,17.18410873413086,17.18499183654785,0.0,1.034000039100647,0.9067617654800415,50.0,0.09999999403953552,2.2907917499542236,0.0,0.0,0.0,0.0,0.1928102480773201,0.0,0.0,-0.0,0.002991035580635071,-0.0029914705082774162,0.0,-4.3481122702360153e-07,100.40201568603516,100.4019775390625,790.7993774414062,790.7993774414062,790.7993774414062,550.3868408203125,0.0,0.0,34.87245178222656,0.0010999999940395355,0.02200000174343586,0.03299999609589577,78.25286865234375,5655.8173828125,114276.53125,0.02126905508339405,0.0,3.1392715754918754e-05,3467.85009765625,0.0,0.231320321559906,0.0191325880587101,0.0,0.0,34.8390007019043,0.0,0.0,1600.0,0.0,50.0,0.0,0.0,0.0,50.0,50.0,200.0,1.0,1.0,1.0000001192092896,0.0
2610.0,155.49932861328125,309.9742736816406,327.807861328125,327.8069763183594,292.1408386230469,292.1416931152344,16515.818359375,33031.63671875,66.97390747070312,66.97394561767578,1915.8577880859375,3831.611572265625,1915.844970703125,3831.5859375,288.46075439453125,59.0207633972168,-1.0602752809063531e-06,0.0,0.0,2582.677978515625,1290.1259765625,0.0,34.870819091796875,2906.63720703125,11.836812973022461,11.836857795715332,971.0772094726562,1942.0587158203125,49.99989700317383,49.9998893737793,100.0,0.0,0.0,344.9919738769531,0.0,7.924896240234375,17.18410873413086,17.18499183654785,0.0,1.034000039100647,0.9067617654800415,50.0,0.09999999403953552,2.2907917499542236,0.0,0.0,0.0,0.0,0.1928102480773201,0.0,0.0,-0.0,0.002991035580635071,-0.0029914705082774162,0.0,-4.3481122702360153e-07,100.40201568603516,100.4019775390625,790.7993774414062,790.7993774414062,790.7993774414062,550.3868408203125,0.0,0.0,34.870819091796875,0.0010999999940395355,0.02200000174343586,0.03299999609589577,78.25286865234375,5655.8173828125,114276.53125,0.02126905508339405,0.0,3.1392715754918754e-05,3481.18505859375,0.0,0.231320321559906,0.0191325880587101,0.0,0.0,34.8390007019043,0.0,0.0,1600.0,0.0,50.0,0.0,0.0,0.0,50.0,50.0,200.0,1.0,1.0,1.0000001192092896,0.0
2620.0,155.49932861328125,309.9742736816406,327.807861328125,327.8069763183594,292.1408386230469,292.1416931152344,16515.818359375,33031.63671875,66.97390747070312,66.97394561767578,1915.8577880859375,3831.611572265625,1915.844970703125,3831.5859375,288.4607849121094,59.02082443237305,-2.3400621103064623e-06,0.0,0.0,2582.677978515625,1290.1259765625,0.0,34.8719367980957,2906.63720703125,11.836812973022461,11.836857795715332,971.0772094726562,1942.0587158203125,49.99989700317383,49.9998893737793,100.0,0.0,0.0,344.9919738769531,0.0,7.924896240234375,17.18410873413086,17.18499183654785,0.0,1.034000039100647,0.9067617654800415,50.0,0.09999999403953552,2.2907917499542236,0.0,0.0,0.0,0.0,0.1928102480773201,0.0,0.0,-0.0,0.002991035580635071,-0.0029914705082774162,0.0,-4.3481122702360153e-07,100.40201568603516,100.4019775390625,790.7993774414062,790.7993774414062,790.7993774414062,550.3868408203125,0.0,0.0,34.8719367980957,0.0010999999940395355,0.02200000174343586,0.03299999609589577,78.25286865234375,5655.8173828125,114276.53125,0.02126905508339405,0.0,3.1392715754918754e-05,3494.52001953125,0.0,0.231320321559906,0.0191325880587101,0.0,0.0,34.8390007019043,0.0,0.0,1600.0,0.0,50.0,0.0,0.0,0.0,50.0,50.0,200.0,1.0,1.0,1.0000001192092896,0.0
2630.0,155.49932861328125,309.9742736816406,327.807861328125,327.8069763183594,292.1408386230469,292.1416931152344,16515.818359375,33031.63671875,66.97390747070312,66.97394561767578,1915.8577880859375,3831.611572265625,1915.844970703125,3831.5859375,288.4608154296875,59.020877838134766,-4.764258392242482e-06,0.0,0.0,2582.677978515625,1290.1259765625,0.0,34.871734619140625,2906.63720703125,11.836812973022461,11.836857795715332,971.0772094726562,1942.0587158203125,49.99989700317383,49.9998893737793,100.0,0.0,0.0,344.9919738769531,0.0,7.924896240234375,17.18410873413086,17.18499183654785,0.0,1.034000039100647,0.9067617654800415,50.0,0.09999999403953552,2.2907917499542236,0.0,0.0,0.0,0.0,0.1928102480773201,0.0,0.0,-0.0,0.002991035580635071,-0.0029914705082774162,0.0,-4.3481122702360153e-07,100.40201568603516,100.4019775390625,790.7993774414062,790.7993774414062,790.7993774414062,550.3868408203125,0.0,0.0,34.871734619140625,0.0010999999940395355,0.02200000174343586,0.03299999609589577,78.25286865234375,5655.8173828125,114276.53125,0.02126905508339405,0.0,3.1392715754918754e-05,3507.85498046875,0.0,0.231320321559906,0.0191325880587101,0.0,0.0,34.8390007019043,0.0,0.0,1600.0,0.0,50.0,0.0,0.0,0.0,50.0,50.0,200.0,1.0,1.0,1.0000001192092896,0.0
2640.0,155.49932861328125,309.9742736816406,327.807861328125,327.8069763183594,292.1408386230469,292.1416931152344,16515.818359375,33031.63671875,66.97390747070312,66.97394561767578,1915.8577880859375,3831.611572265625,1915.844970703125,3831.5859375,288.4608154296875,59.020912170410156,3.8558320625270426e-07,0.0,0.0,2582.677978515625,1290.1259765625,0.0,34.871578216552734,2906.63720703125,11.836812973022461,11.836857795715332,971.0772094726562,1942.0587158203125,49.99989700317383,49.9998893737793,100.0,0.0,0.0,344.9919738769531,0.0,7.924896240234375,17.18410873413086,17.18499183654785,0.0,1.034000039100647,0.9067617654800415,50.0,0.09999999403953552,2.2907917499542236,0.0,0.0,0.0,0.0,0.1928102480773201,0.0,0.0,-0.0,0.002991035580635071,-0.0029914705082774162,0.0,-4.3481122702360153e-07,100.40201568603516,100.4019775390625,790.7993774414062,790.7993774414062,790.7993774414062,550.3868408203125,0.0,0.0,34.871578216552734,0.0010999999940395355,0.02200000174343586,0.03299999609589577,78.25286865234375,5655.8173828125,114276.53125,0.02126905508339405,0.0,3.1392715754918754e-05,3521.18994140625,0.0,0.231320321559906,0.0191325880587101,0.0,0.0,34.8390007019043,0.0,0.0,1600.0,0.0,50.0,0.0,0.0,0.0,50.0,50.0,200.0,1.0,1.0,1.0000001192092896,0.0
2650.0,155.49932861328125,309.9742736816406,327.807861328125,327.8069763183594,292.1408386230469,292.1416931152344,16515.818359375,33031.63671875,66.97390747070312,66.97394561767578,1915.8577880859375,3831.611572265625,1915.844970703125,3831.5859375,288.4608459472656,59.02095413208008,-3.7552265439444454e-06,0.0,0.0,2582.677978515625,1290.1259765625,0.0,34.87144470214844,2906.63720703125,11.836812973022461,11.836857795715332,971.0772094726562,1942.0587158203125,49.99989700317383,49.9998893737793,100.0,0.0,0.0,344.9919738769531,0.0,7.924896240234375,17.18410873413086,17.18499183654785,0.0,1.034000039100647,0.9067617654800415,50.0,0.09999999403953552,2.2907917499542236,0.0,0.0,0.0,0.0,0.1928102480773201,0.0,0.0,-0.0,0.002991035580635071,-0.0029914705082774162,0.0,-4.3481122702360153e-07,100.40201568603516,100.4019775390625,790.7993774414062,790.7993774414062,790.7993774414062,550.3868408203125,0.0,0.0,34.87144470214844,0.0010999999940395355,0.02200000174343586,0.03299999609589577,78.25286865234375,5655.8173828125,114276.53125,0.02126905508339405,0.0,3.1392715754918754e-05,3534.52490234375,0.0,0.231320321559906,0.0191325880587101,0.0,0.0,34.8390007019043,0.0,0.0,1600.0,0.0,50.0,0.0,0.0,0.0,50.0,50.0,200.0,1.0,1.0,1.0000001192092896,0.0
2660.0,155.49932861328125,309.9742736816406,327.807861328125,327.8069763183594,292.1408386230469,292.1416931152344,16515.818359375,33031.63671875,66.97390747070312,66.97394561767578,1915.8577880859375,3831.611572265625,1915.844970703125,3831.5859375,288.4608459472656,59.02098846435547,1.3946148555987747e-06,0.0,0.0,2582.677978515625,1290.1259765625,0.0,34.86994934082031,2906.63720703125,11.836812973022461,11.836857795715332,971.0772094726562,1942.0587158203125,49.99989700317383,49.9998893737793,100.0,0.0,0.0,344.9919738769531,0.0,7.924896240234375,17.18410873413086,17.18499183654785,0.0,1.034000039100647,0.9067617654800415,50.0,0.09999999403953552,2.2907917499542236,0.0,0.0,0.0,0.0,0.1928102480773201,0.0,0.0,-0.0,0.002991035580635071,-0.0029914705082774162,0.0,-4.3481122702360153e-07,100.40201568603516,100.4019775390625,790.7993774414062,790.7993774414062,790.7993774414062,550.3868408203125,0.0,0.0,34.86994934082031,0.0010999999940395355,0.02200000174343586,0.03299999609589577,78.25286865234375,5655.8173828125,114276.53125,0.02126905508339405,0.0,3.1392715754918754e-05,3547.85986328125,0.0,0.231320321559906,0.0191325880587101,0.0,0.0,34.8390007019043,0.0,0.0,1600.0,0.0,50.0,0.0,0.0,0.0,50.0,50.0,200.0,1.0,1.0,1.0000001192092896,0.0
2670.0,155.49932861328125,309.9742736816406,327.807861328125,327.8069763183594,292.1408386230469,292.1416931152344,16515.818359375,33031.63671875,66.97390747070312,66.97394561767578,1915.8577880859375,3831.611572265625,1915.844970703125,3831.5859375,288.46087646484375,59.021026611328125,-3.318399876661715e-06,0.0,0.0,2582.677978515625,1290.1259765625,0.0,34.86981201171875,2906.63720703125,11.836812973022461,11.836857795715332,971.0772094726562,1942.0587158203125,49.99989700317383,49.9998893737793,100.0,0.0,0.0,344.9919738769531,0.0,7.924896240234375,17.18410873413086,17.18499183654785,0.0,1.034000039100647,0.9067617654800415,50.0,0.09999999403953552,2.2907917499542236,0.0,0.0,0.0,0.0,0.1928102480773201,0.0,0.0,-0.0,0.002991035580635071,-0.0029914705082774162,0.0,-4.3481122702360153e-07,100.40201568603516,100.4019775390625,790.7993774414062,790.7993774414062,790.7993774414062,550.3868408203125,0.0,0.0,34.86981201171875,0.0010999999940395355,0.02200000174343586,0.03299999609589577,78.25286865234375,5655.8173828125,114276.53125,0.02126905508339405,0.0,3.1392715754918754e-05,3561.19482421875,0.0,0.231320321559906,0.0191325880587101,0.0,0.0,34.8390007019043,0.0,0.0,1600.0,0.0,50.0,0.0,0.0,0.0,50.0,50.0,200.0,1.0,1.0,1.0000001192092896,0.0
2680.0,155.49932861328125,309.9742736816406,327.807861328125,327.8069763183594,292.1408386230469,292.1416931152344,16515.818359375,33031.63671875,66.97390747070312,66.97394561767578,1915.8577880859375,3831.611572265625,1915.844970703125,3831.5859375,288.46087646484375,59.021060943603516,1.8314416365683428e-06,0.0,0.0,2582.677978515625,1290.1259765625,0.0,34.87102127075195,2906.63720703125,11.836812973022461,11.836857795715332,971.0772094726562,1942.0587158203125,49.99989700317383,49.9998893737793,100.0,0.0,0.0,344.9919738769531,0.0,7.924896240234375,17.18410873413086,17.18499183654785,0.0,1.034000039100647,0.9067617654800415,50.0,0.09999999403953552,2.2907917499542236,0.0,0.0,0.0,0.0,0.1928102480773201,0.0,0.0,-0.0,0.002991035580635071,-0.0029914705082774162,0.0,-4.3481122702360153e-07,100.40201568603516,100.4019775390625,790.7993774414062,790.7993774414062,790.7993774414062,550.3868408203125,0.0,0.0,34.87102127075195,0.0010999999940395355,0.02200000174343586,0.03299999609589577,78.25286865234375,5655.8173828125,114276.53125,0.02126905508339405,0.0,3.1392715754918754e-05,3574.52978515625,0.0,0.231320321559906,0.0191325880587101,0.0,0.0,34.8390007019043,0.0,0.0,1600.0,0.0,50.0,0.0,0.0,0.0,50.0,50.0,200.0,1.0,1.0,1.0000001192092896,0.0
2690.0,155.49932861328125,309.9742736816406,327.807861328125,327.8069763183594,292.1408386230469,292.1416931152344,16515.818359375,33031.63671875,66.97390747070312,66.97394561767578,1915.8577880859375,3831.611572265625,1915.844970703125,3831.5859375,288.4609069824219,59.02110290527344,-2.309368255737354e-06,0.0,0.0,2582.677978515625,1290.1259765625,0.0,34.87088394165039,2906.63720703125,11.836812973022461,11.836857795715332,971.0772094726562,1942.0587158203125,49.99989700317383,49.9998893737793,100.0,0.0,0.0,344.9919738769531,0.0,7.924896240234375,17.18410873413086,17.18499183654785,0.0,1.034000039100647,0.9067617654800415,50.0,0.09999999403953552,2.2907917499542236,0.0,0.0,0.0,0.0,0.1928102480773201,0.0,0.0,-0.0,0.002991035580635071,-0.0029914705082774162,0.0,-4.3481122702360153e-07,100.40201568603516,100.4019775390625,790.7993774414062,790.7993774414062,790.7993774414062,550.3868408203125,0.0,0.0,34.87088394165039,0.0010999999940395355,0.02200000174343586,0.03299999609589577,78.25286865234375,5655.8173828125,114276.53125,0.02126905508339405,0.0,3.1392715754918754e-05,3587.86474609375,0.0,0.231320321559906,0.0191325880587101,0.0,0.0,34.8390007019043,0.0,0.0,1600.0,0.0,50.0,0.0,0.0,0.0,50.0,50.0,200.0,1.0,1.0,1.0000001192092896,0.0
2700.0,155.49932861328125,309.9742736816406,327.807861328125,327.8069763183594,292.1408386230469,292.1416931152344,16515.818359375,33031.63671875,66.97390747070312,66.97394561767578,1915.8577880859375,3831.611572265625,1915.844970703125,3831.5859375,288.4609069824219,59.021141052246094,3.4126778700738214e-06,0.0,0.0,2582.677978515625,1290.1259765625,0.0,34.8707275390625,2906.63720703125,11.836812973022461,11.836857795715332,971.0772094726562,1942.0587158203125,49.99989700317383,49.9998893737793,100.0,0.0,0.0,344.9919738769531,0.0,7.924896240234375,17.18410873413086,17.18499183654785,0.0,1.034000039100647,0.9067617654800415,50.0,0.09999999403953552,2.2907917499542236,0.0,0.0,0.0,0.0,0.1928102480773201,0.0,0.0,-0.0,0.002991035580635071,-0.0029914705082774162,0.0,-4.3481122702360153e-07,100.40201568603516,100.4019775390625,790.7993774414062,790.7993774414062,790.7993774414062,550.3868408203125,0.0,0.0,34.8707275390625,0.0010999999940395355,0.02200000174343586,0.03299999609589577,78.25286865234375,5655.8173828125,114276.53125,0.02126905508339405,0.0,3.1392715754918754e-05,3601.19970703125,0.0,0.231320321559906,0.0191325880587101,0.0,0.0,34.8390007019043,0.0,0.0,1600.0,0.0,50.0,0.0,0.0,0.0,50.0,50.0,200.0,1.0,1.0,1.0000001192092896,0.0
2710.0,155.49932861328125,309.9742736816406,327.807861328125,327.8069763183594,292.1408386230469,292.1416931152344,16515.818359375,33031.63671875,66.97390747070312,66.97394561767578,1915.8577880859375,3831.611572265625,1915.844970703125,3831.5859375,288.4609069824219,59.02117919921875,-1.300336634812993e-06,0.0,0.0,2582.677978515625,1290.1259765625,0.0,34.8705940246582,2906.63720703125,11.836812973022461,11.836857795715332,971.0772094726562,1942.0587158203125,49.99989700317383,49.9998893737793,100.0,0.0,0.0,344.9919738769531,0.0,7.924896240234375,17.18410873413086,17.18499183654785,0.0,1.034000039100647,0.9067617654800415,50.0,0.09999999403953552,2.2907917499542236,0.0,0.0,0.0,0.0,0.1928102480773201,0.0,0.0,-0.0,0.002991035580635071,-0.0029914705082774162,0.0,-4.3481122702360153e-07,100.40201568603516,100.4019775390625,790.7993774414062,790.7993774414062,790.7993774414062,550.3868408203125,0.0,0.0,34.8705940246582,0.0010999999940395355,0.02200000174343586,0.03299999609589577,78.25286865234375,5655.8173828125,114276.53125,0.02126905508339405,0.0,3.1392715754918754e-05,3614.53466796875,0.0,0.231320321559906,0.0191325880587101,0.0,0.0,34.8390007019043,0.0,0.0,1600.0,0.0,50.0,0.0,0.0,0.0,50.0,50.0,200.0,1.0,1.0,1.0000001192092896,0.0
2720.0,155.49932861328125,309.9742736816406,327.807861328125,327.8069763183594,292.1408386230469,292.1416931152344,16515.818359375,33031.63671875,66.97390747070312,66.97394561767578,1915.8577880859375,3831.611572265625,1915.844970703125,3831.5859375,288.4609069824219,59.021217346191406,4.4217094909981824e-06,0.0,0.0,2582.677978515625,1290.1259765625,0.0,34.86909866333008,2906.63720703125,11.836812973022461,11.836857795715332,971.0772094726562,1942.0587158203125,49.99989700317383,49.9998893737793,100.0,0.0,0.0,344.9919738769531,0.0,7.924896240234375,17.18410873413086,17.18499183654785,0.0,1.034000039100647,0.9067617654800415,50.0,0.09999999403953552,2.2907917499542236,0.0,0.0,0.0,0.0,0.1928102480773201,0.0,0.0,-0.0,0.002991035580635071,-0.0029914705082774162,0.0,-4.3481122702360153e-07,100.40201568603516,100.4019775390625,790.7993774414062,790.7993774414062,790.7993774414062,550.3868408203125,0.0,0.0,34.86909866333008,0.0010999999940395355,0.02200000174343586,0.03299999609589577,78.25286865234375,5655.8173828125,114276.53125,0.02126905508339405,0.0,3.1392715754918754e-05,3627.86962890625,0.0,0.231320321559906,0.0191325880587101,0.0,0.0,34.8390007019043,0.0,0.0,1600.0,0.0,50.0,0.0,0.0,0.0,50.0,50.0,200.0,1.0,1.0,1.0000001192092896,0.0
2730.0,155.49932861328125,309.9742736816406,327.807861328125,327.8069763183594,292.1408386230469,292.1416931152344,16515.818359375,33031.63671875,66.97390747070312,66.97394561767578,1915.8577880859375,3831.611572265625,1915.844970703125,3831.5859375,288.4609375,59.0212516784668,-8.635096833131684e-07,0.0,0.0,2582.677978515625,1290.1259765625,0.0,34.86896514892578,2906.63720703125,11.836812973022461,11.836857795715332,971.0772094726562,1942.0587158203125,49.99989700317383,49.9998893737793,100.0,0.0,0.0,344.9919738769531,0.0,7.924896240234375,17.18410873413086,17.18499183654785,0.0,1.034000039100647,0.9067617654800415,50.0,0.09999999403953552,2.2907917499542236,0.0,0.0,0.0,0.0,0.1928102480773201,0.0,0.0,-0.0,0.002991035580635071,-0.0029914705082774162,0.0,-4.3481122702360153e-07,100.40201568603516,100.4019775390625,790.7993774414062,790.7993774414062,790.7993774414062,550.3868408203125,0.0,0.0,34.86896514892578,0.0010999999940395355,0.02200000174343586,0.03299999609589577,78.25286865234375,5655.8173828125,114276.53125,0.02126905508339405,0.0,3.1392715754918754e-05,3641.20458984375,0.0,0.231320321559906,0.0191325880587101,0.0,0.0,34.8390007019043,0.0,0.0,1600.0,0.0,50.0,0.0,0.0,0.0,50.0,50.0,200.0,1.0,1.0,1.0000001192092896,0.0
2740.0,155.49932861328125,309.9742736816406,327.807861328125,327.8069763183594,292.1408386230469,292.1416931152344,16515.818359375,33031.63671875,66.97390747070312,66.97394561767578,1915.8577880859375,3831.611572265625,1915.844970703125,3831.5859375,288.4609375,59.02128982543945,4.858536158280913e-06,0.0,0.0,2582.677978515625,1290.1259765625,0.0,34.87017059326172,2906.63720703125,11.836812973022461,11.836857795715332,971.0772094726562,1942.0587158203125,49.99989700317383,49.9998893737793,100.0,0.0,0.0,344.9919738769531,0.0,7.924896240234375,17.18410873413086,17.18499183654785,0.0,1.034000039100647,0.9067617654800415,50.0,0.09999999403953552,2.2907917499542236,0.0,0.0,0.0,0.0,0.1928102480773201,0.0,0.0,-0.0,0.002991035580635071,-0.0029914705082774162,0.0,-4.3481122702360153e-07,100.40201568603516,100.4019775390625,790.7993774414062,790.7993774414062,790.7993774414062,550.3868408203125,0.0,0.0,34.87017059326172,0.0010999999940395355,0.02200000174343586,0.03299999609589577,78.25286865234375,5655.8173828125,114276.53125,0.02126905508339405,0.0,3.1392715754918754e-05,3654.53955078125,0.0,0.231320321559906,0.0191325880587101,0.0,0.0,34.8390007019043,0.0,0.0,1600.0,0.0,50.0,0.0,0.0,0.0,50.0,50.0,200.0,1.0,1.0,1.0000001192092896,0.0
2750.0,155.49932861328125,309.9742736816406,327.807861328125,327.8069763183594,292.1408386230469,292.1416931152344,16515.818359375,33031.63671875,66.97390747070312,66.97394561767578,1915.8577880859375,3831.611572265625,1915.844970703125,3831.5859375,288.4609680175781,59.021331787109375,7.177264933488914e-07,0.0,0.0,2582.677978515625,1290.1259765625,0.0,34.87003707885742,2906.63720703125,11.836812973022461,11.836857795715332,971.0772094726562,1942.0587158203125,49.99989700317383,49.9998893737793,100.0,0.0,0.0,344.9919738769531,0.0,7.924896240234375,17.18410873413086,17.18499183654785,0.0,1.034000039100647,0.9067617654800415,50.0,0.09999999403953552,2.2907917499542236,0.0,0.0,0.0,0.0,0.1928102480773201,0.0,0.0,-0.0,0.002991035580635071,-0.0029914705082774162,0.0,-4.3481122702360153e-07,100.40201568603516,100.4019775390625,790.7993774414062,790.7993774414062,790.7993774414062,550.3868408203125,0.0,0.0,34.87003707885742,0.0010999999940395355,0.02200000174343586,0.03299999609589577,78.25286865234375,5655.8173828125,114276.53125,0.02126905508339405,0.0,3.1392715754918754e-05,3667.87451171875,0.0,0.231320321559906,0.0191325880587101,0.0,0.0,34.8390007019043,0.0,0.0,1600.0,0.0,50.0,0.0,0.0,0.0,50.0,50.0,200.0,1.0,1.0,1.0000001192092896,0.0
2760.0,155.49932861328125,309.9742736816406,327.807861328125,327.8069763183594,292.1408386230469,292.1416931152344,16515.818359375,33031.63671875,66.97390747070312,66.97394561767578,1915.8577880859375,3831.611572265625,1915.844970703125,3831.5859375,288.46099853515625,59.021366119384766,-4.567492851492716e-06,0.0,0.0,2582.677978515625,1290.1259765625,0.0,34.8685417175293,2906.63720703125,11.836812973022461,11.836857795715332,971.0772094726562,1942.0587158203125,49.99989700317383,49.9998893737793,100.0,0.0,0.0,344.9919738769531,0.0,7.924896240234375,17.18410873413086,17.18499183654785,0.0,1.034000039100647,0.9067617654800415,50.0,0.09999999403953552,2.2907917499542236,0.0,0.0,0.0,0.0,0.1928102480773201,0.0,0.0,-0.0,0.002991035580635071,-0.0029914705082774162,0.0,-4.3481122702360153e-07,100.40201568603516,100.4019775390625,790.7993774414062,790.7993774414062,790.7993774414062,550.3868408203125,0.0,0.0,34.8685417175293,0.0010999999940395355,0.02200000174343586,0.03299999609589577,78.25286865234375,5655.8173828125,114276.53125,0.02126905508339405,0.0,3.1392715754918754e-05,3681.20947265625,0.0,0.231320321559906,0.0191325880587101,0.0,0.0,34.8390007019043,0.0,0.0,1600.0,0.0,50.0,0.0,0.0,0.0,50.0,50.0,200.0,1.0,1.0,1.0000001192092896,0.0
2770.0,155.49932861328125,309.9742736816406,327.807861328125,327.8069763183594,292.1408386230469,292.1416931152344,16515.818359375,33031.63671875,66.97390747070312,66.97394561767578,1915.8577880859375,3831.611572265625,1915.844970703125,3831.5859375,288.46099853515625,59.021400451660156,5.823488322675985e-07,0.0,0.0,2582.677978515625,1290.1259765625,0.0,34.869747161865234,2906.63720703125,11.836812973022461,11.836857795715332,971.0772094726562,1942.0587158203125,49.99989700317383,49.9998893737793,100.0,0.0,0.0,344.9919738769531,0.0,7.924896240234375,17.18410873413086,17.18499183654785,0.0,1.034000039100647,0.9067617654800415,50.0,0.09999999403953552,2.2907917499542236,0.0,0.0,0.0,0.0,0.1928102480773201,0.0,0.0,-0.0,0.002991035580635071,-0.0029914705082774162,0.0,-4.3481122702360153e-07,100.40201568603516,100.4019775390625,790.7993774414062,790.7993774414062,790.7993774414062,550.3868408203125,0.0,0.0,34.869747161865234,0.0010999999940395355,0.02200000174343586,0.03299999609589577,78.25286865234375,5655.8173828125,114276.53125,0.02126905508339405,0.0,3.1392715754918754e-05,3694.54443359375,0.0,0.231320321559906,0.0191325880587101,0.0,0.0,34.8390007019043,0.0,0.0,1600.0,0.0,50.0,0.0,0.0,0.0,50.0,50.0,200.0,1.0,1.0,1.0000001192092896,0.0
2780.0,155.49932861328125,309.9742736816406,327.807861328125,327.8069763183594,292.1408386230469,292.1416931152344,16515.818359375,33031.63671875,66.97390747070312,66.97394561767578,1915.8577880859375,3831.611572265625,1915.844970703125,3831.5859375,288.4610290527344,59.02143859863281,-4.130665729462635e-06,0.0,0.0,2582.677978515625,1290.1259765625,0.0,34.86960983276367,2906.63720703125,11.836812973022461,11.836857795715332,971.0772094726562,1942.0587158203125,49.99989700317383,49.9998893737793,100.0,0.0,0.0,344.9919738769531,0.0,7.924896240234375,17.18410873413086,17.18499183654785,0.0,1.034000039100647,0.9067617654800415,50.0,0.09999999403953552,2.2907917499542236,0.0,0.0,0.0,0.0,0.1928102480773201,0.0,0.0,-0.0,0.002991035580635071,-0.0029914705082774162,0.0,-4.3481122702360153e-07,100.40201568603516,100.4019775390625,790.7993774414062,790.7993774414062,790.7993774414062,550.3868408203125,0.0,0.0,34.86960983276367,0.0010999999940395355,0.02200000174343586,0.03299999609589577,78.25286865234375,5655.8173828125,114276.53125,0.02126905508339405,0.0,3.1392715754918754e-05,3707.87939453125,0.0,0.231320321559906,0.0191325880587101,0.0,0.0,34.8390007019043,0.0,0.0,1600.0,0.0,50.0,0.0,0.0,0.0,50.0,50.0,200.0,1.0,1.0,1.0000001192092896,0.0
2790.0,155.49932861328125,309.9742736816406,327.807861328125,327.8069763183594,292.1408386230469,292.1416931152344,16515.818359375,33031.63671875,66.97390747070312,66.97394561767578,1915.8577880859375,3831.611572265625,1915.844970703125,3831.5859375,288.4610290527344,59.021480560302734,2.163585122616496e-06,0.0,0.0,2582.677978515625,1290.1259765625,0.0,34.869476318359375,2906.63720703125,11.836812973022461,11.836857795715332,971.0772094726562,1942.0587158203125,49.99989700317383,49.9998893737793,100.0,0.0,0.0,344.9919738769531,0.0,7.924896240234375,17.18410873413086,17.18499183654785,0.0,1.034000039100647,0.9067617654800415,50.0,0.09999999403953552,2.2907917499542236,0.0,0.0,0.0,0.0,0.1928102480773201,0.0,0.0,-0.0,0.002991035580635071,-0.0029914705082774162,0.0,-4.3481122702360153e-07,100.40201568603516,100.4019775390625,790.7993774414062,790.7993774414062,790.7993774414062,550.3868408203125,0.0,0.0,34.869476318359375,0.0010999999940395355,0.02200000174343586,0.03299999609589577,78.25286865234375,5655.8173828125,114276.53125,0.02126905508339405,0.0,3.1392715754918754e-05,3721.21435546875,0.0,0.231320321559906,0.0191325880587101,0.0,0.0,34.8390007019043,0.0,0.0,1600.0,0.0,50.0,0.0,0.0,0.0,50.0,50.0,200.0,1.0,1.0,1.0000001192092896,0.0
2800.0,155.49932861328125,309.9742736816406,327.807861328125,327.8069763183594,292.1408386230469,292.1416931152344,16515.818359375,33031.63671875,66.97390747070312,66.97394561767578,1915.8577880859375,3831.611572265625,1915.844970703125,3831.5859375,288.4610595703125,59.021514892578125,-3.1216341085382737e-06,0.0,0.0,2582.677978515625,1290.1259765625,0.0,34.86798095703125,2906.63720703125,11.836812973022461,11.836857795715332,971.0772094726562,1942.0587158203125,49.99989700317383,49.9998893737793,100.0,0.0,0.0,344.9919738769531,0.0,7.924896240234375,17.18410873413086,17.18499183654785,0.0,1.034000039100647,0.9067617654800415,50.0,0.09999999403953552,2.2907917499542236,0.0,0.0,0.0,0.0,0.1928102480773201,0.0,0.0,-0.0,0.002991035580635071,-0.0029914705082774162,0.0,-4.3481122702360153e-07,100.40201568603516,100.4019775390625,790.7993774414062,790.7993774414062,790.7993774414062,550.3868408203125,0.0,0.0,34.86798095703125,0.0010999999940395355,0.02200000174343586,0.03299999609589577,78.25286865234375,5655.8173828125,114276.53125,0.02126905508339405,0.0,3.1392715754918754e-05,3734.54931640625,0.0,0.231320321559906,0.0191325880587101,0.0,0.0,34.8390007019043,0.0,0.0,1600.0,0.0,50.0,0.0,0.0,0.0,50.0,50.0,200.0,1.0,1.0,1.0000001192092896,0.0
2810.0,155.49932861328125,309.9742736816406,327.807861328125,327.8069763183594,292.1408386230469,292.1416931152344,16515.818359375,33031.63671875,66.97390747070312,66.97394561767578,1915.8577880859375,3831.611572265625,1915.844970703125,3831.5859375,288.4610595703125,59.021549224853516,2.0282072910049465e-06,0.0,0.0,2582.677978515625,1290.1259765625,0.0,34.86918640136719,2906.63720703125,11.836812973022461,11.836857795715332,971.0772094726562,1942.0587158203125,49.99989700317383,49.9998893737793,100.0,0.0,0.0,344.9919738769531,0.0,7.924896240234375,17.18410873413086,17.18499183654785,0.0,1.034000039100647,0.9067617654800415,50.0,0.09999999403953552,2.2907917499542236,0.0,0.0,0.0,0.0,0.1928102480773201,0.0,0.0,-0.0,0.002991035580635071,-0.0029914705082774162,0.0,-4.3481122702360153e-07,100.40201568603516,100.4019775390625,790.7993774414062,790.7993774414062,790.7993774414062,550.3868408203125,0.0,0.0,34.86918640136719,0.0010999999940395355,0.02200000174343586,0.03299999609589577,78.25286865234375,5655.8173828125,114276.53125,0.02126905508339405,0.0,3.1392715754918754e-05,3747.88427734375,0.0,0.231320321559906,0.0191325880587101,0.0,0.0,34.8390007019043,0.0,0.0,1600.0,0.0,50.0,0.0,0.0,0.0,50.0,50.0,200.0,1.0,1.0,1.0000001192092896,0.0
2820.0,155.49932861328125,309.9742736816406,327.807861328125,327.8069763183594,292.1408386230469,292.1416931152344,16515.818359375,33031.63671875,66.97390747070312,66.97394561767578,1915.8577880859375,3831.611572265625,1915.844970703125,3831.5859375,288.4610900878906,59.02158737182617,-2.684807213881868e-06,0.0,0.0,2582.677978515625,1290.1259765625,0.0,34.86905288696289,2906.63720703125,11.836812973022461,11.836857795715332,971.0772094726562,1942.0587158203125,49.99989700317383,49.9998893737793,100.0,0.0,0.0,344.9919738769531,0.0,7.924896240234375,17.18410873413086,17.18499183654785,0.0,1.034000039100647,0.9067617654800415,50.0,0.09999999403953552,2.2907917499542236,0.0,0.0,0.0,0.0,0.1928102480773201,0.0,0.0,-0.0,0.002991035580635071,-0.0029914705082774162,0.0,-4.3481122702360153e-07,100.40201568603516,100.4019775390625,790.7993774414062,790.7993774414062,790.7993774414062,550.3868408203125,0.0,0.0,34.86905288696289,0.0010999999940395355,0.02200000174343586,0.03299999609589577,78.25286865234375,5655.8173828125,114276.53125,0.02126905508339405,0.0,3.1392715754918754e-05,3761.21923828125,0.0,0.231320321559906,0.0191325880587101,0.0,0.0,34.8390007019043,0.0,0.0,1600.0,0.0,50.0,0.0,0.0,0.0,50.0,50.0,200.0,1.0,1.0,1.0000001192092896,0.0
2830.0,155.49932861328125,309.9742736816406,327.807861328125,327.8069763183594,292.1408386230469,292.1416931152344,16515.818359375,33031.63671875,66.97390747070312,66.97394561767578,1915.8577880859375,3831.611572265625,1915.844970703125,3831.5859375,288.4610900878906,59.021629333496094,3.6094434108235873e-06,0.0,0.0,2582.677978515625,1290.1259765625,0.0,34.868919372558594,2906.63720703125,11.836812973022461,11.836857795715332,971.0772094726562,1942.0587158203125,49.99989700317383,49.9998893737793,100.0,0.0,0.0,344.9919738769531,0.0,7.924896240234375,17.18410873413086,17.18499183654785,0.0,1.034000039100647,0.9067617654800415,50.0,0.09999999403953552,2.2907917499542236,0.0,0.0,0.0,0.0,0.1928102480773201,0.0,0.0,-0.0,0.002991035580635071,-0.0029914705082774162,0.0,-4.3481122702360153e-07,100.40201568603516,100.4019775390625,790.7993774414062,790.7993774414062,790.7993774414062,550.3868408203125,0.0,0.0,34.868919372558594,0.0010999999940395355,0.02200000174343586,0.03299999609589577,78.25286865234375,5655.8173828125,114276.53125,0.02126905508339405,0.0,3.1392715754918754e-05,3774.55419921875,0.0,0.231320321559906,0.0191325880587101,0.0,0.0,34.8390007019043,0.0,0.0,1600.0,0.0,50.0,0.0,0.0,0.0,50.0,50.0,200.0,1.0,1.0,1.0000001192092896,0.0
2840.0,155.49932861328125,309.9742736816406,327.807861328125,327.8069763183594,292.1408386230469,292.1416931152344,16515.818359375,33031.63671875,66.97390747070312,66.97394561767578,1915.8577880859375,3831.611572265625,1915.844970703125,3831.5859375,288.46112060546875,59.021663665771484,-1.6757755929575069e-06,0.0,0.0,2582.677978515625,1290.1259765625,0.0,34.8687629699707,2906.63720703125,11.836812973022461,11.836857795715332,971.0772094726562,1942.0587158203125,49.99989700317383,49.9998893737793,100.0,0.0,0.0,344.9919738769531,0.0,7.924896240234375,17.18410873413086,17.18499183654785,0.0,1.034000039100647,0.9067617654800415,50.0,0.09999999403953552,2.2907917499542236,0.0,0.0,0.0,0.0,0.1928102480773201,0.0,0.0,-0.0,0.002991035580635071,-0.0029914705082774162,0.0,-4.3481122702360153e-07,100.40201568603516,100.4019775390625,790.7993774414062,790.7993774414062,790.7993774414062,550.3868408203125,0.0,0.0,34.8687629699707,0.0010999999940395355,0.02200000174343586,0.03299999609589577,78.25286865234375,5655.8173828125,114276.53125,0.02126905508339405,0.0,3.1392715754918754e-05,3787.88916015625,0.0,0.231320321559906,0.0191325880587101,0.0,0.0,34.8390007019043,0.0,0.0,1600.0,0.0,50.0,0.0,0.0,0.0,50.0,50.0,200.0,1.0,1.0,1.0000001192092896,0.0
2850.0,155.49932861328125,309.9742736816406,327.807861328125,327.8069763183594,292.1408386230469,292.1416931152344,16515.818359375,33031.63671875,66.97390747070312,66.97394561767578,1915.8577880859375,3831.611572265625,1915.844970703125,3831.5859375,288.46112060546875,59.021705627441406,4.618475031747948e-06,0.0,0.0,2582.677978515625,1290.1259765625,0.0,34.868629455566406,2906.63720703125,11.836812973022461,11.836857795715332,971.0772094726562,1942.0587158203125,49.99989700317383,49.9998893737793,100.0,0.0,0.0,344.9919738769531,0.0,7.924896240234375,17.18410873413086,17.18499183654785,0.0,1.034000039100647,0.9067617654800415,50.0,0.09999999403953552,2.2907917499542236,0.0,0.0,0.0,0.0,0.1928102480773201,0.0,0.0,-0.0,0.002991035580635071,-0.0029914705082774162,0.0,-4.3481122702360153e-07,100.40201568603516,100.4019775390625,790.7993774414062,790.7993774414062,790.7993774414062,550.3868408203125,0.0,0.0,34.868629455566406,0.0010999999940395355,0.02200000174343586,0.03299999609589577,78.25286865234375,5655.8173828125,114276.53125,0.02126905508339405,0.0,3.1392715754918754e-05,3801.22412109375,0.0,0.231320321559906,0.0191325880587101,0.0,0.0,34.8390007019043,0.0,0.0,1600.0,0.0,50.0,0.0,0.0,0.0,50.0,50.0,200.0,1.0,1.0,1.0000001192092896,0.0
2860.0,155.49932861328125,309.9742736816406,327.807861328125,327.8069763183594,292.1408386230469,292.1416931152344,16515.818359375,33031.63671875,66.97390747070312,66.97394561767578,1915.8577880859375,3831.611572265625,1915.844970703125,3831.5859375,288.4611511230469,59.0217399597168,-6.667440857199836e-07,0.0,0.0,2582.677978515625,1290.1259765625,0.0,34.86713409423828,2906.63720703125,11.836812973022461,11.836857795715332,971.0772094726562,1942.0587158203125,49.99989700317383,49.9998893737793,100.0,0.0,0.0,344.9919738769531,0.0,7.924896240234375,17.18410873413086,17.18499183654785,0.0,1.034000039100647,0.9067617654800415,50.0,0.09999999403953552,2.2907917499542236,0.0,0.0,0.0,0.0,0.1928102480773201,0.0,0.0,-0.0,0.002991035580635071,-0.0029914705082774162,0.0,-4.3481122702360153e-07,100.40201568603516,100.4019775390625,790.7993774414062,790.7993774414062,790.7993774414062,550.3868408203125,0.0,0.0,34.86713409423828,0.0010999999940395355,0.02200000174343586,0.03299999609589577,78.25286865234375,5655.8173828125,114276.53125,0.02126905508339405,0.0,3.1392715754918754e-05,3814.55908203125,0.0,0.231320321559906,0.0191325880587101,0.0,0.0,34.8390007019043,0.0,0.0,1600.0,0.0,50.0,0.0,0.0,0.0,50.0,50.0,200.0,1.0,1.0,1.0000001192092896,0.0
2870.0,155.49932861328125,309.9742736816406,327.807861328125,327.8069763183594,292.1408386230469,292.1416931152344,16515.818359375,33031.63671875,66.97390747070312,66.97394561767578,1915.8577880859375,3831.611572265625,1915.844970703125,3831.5859375,288.4611511230469,59.02177810668945,5.05530215377803e-06,0.0,0.0,2582.677978515625,1290.1259765625,0.0,34.86833953857422,2906.63720703125,11.836812973022461,11.836857795715332,971.0772094726562,1942.0587158203125,49.99989700317383,49.9998893737793,100.0,0.0,0.0,344.9919738769531,0.0,7.924896240234375,17.18410873413086,17.18499183654785,0.0,1.034000039100647,0.9067617654800415,50.0,0.09999999403953552,2.2907917499542236,0.0,0.0,0.0,0.0,0.1928102480773201,0.0,0.0,-0.0,0.002991035580635071,-0.0029914705082774162,0.0,-4.3481122702360153e-07,100.40201568603516,100.4019775390625,790.7993774414062,790.7993774414062,790.7993774414062,550.3868408203125,0.0,0.0,34.86833953857422,0.0010999999940395355,0.02200000174343586,0.03299999609589577,78.25286865234375,5655.8173828125,114276.53125,0.02126905508339405,0.0,3.1392715754918754e-05,3827.89404296875,0.0,0.231320321559906,0.0191325880587101,0.0,0.0,34.8390007019043,0.0,0.0,1600.0,0.0,50.0,0.0,0.0,0.0,50.0,50.0,200.0,1.0,1.0,1.0000001192092896,0.0
2880.0,155.49932861328125,309.9742736816406,327.807861328125,327.8069763183594,292.1408386230469,292.1416931152344,16515.818359375,33031.63671875,66.97390747070312,66.97394561767578,1915.8577880859375,3831.611572265625,1915.844970703125,3831.5859375,288.461181640625,59.021812438964844,-2.2991713422015891e-07,0.0,0.0,2582.677978515625,1290.1259765625,0.0,34.868202209472656,2906.63720703125,11.836812973022461,11.836857795715332,971.0772094726562,1942.0587158203125,49.99989700317383,49.9998893737793,100.0,0.0,0.0,344.9919738769531,0.0,7.924896240234375,17.18410873413086,17.18499183654785,0.0,1.034000039100647,0.9067617654800415,50.0,0.09999999403953552,2.2907917499542236,0.0,0.0,0.0,0.0,0.1928102480773201,0.0,0.0,-0.0,0.002991035580635071,-0.0029914705082774162,0.0,-4.3481122702360153e-07,100.40201568603516,100.4019775390625,790.7993774414062,790.7993774414062,790.7993774414062,550.3868408203125,0.0,0.0,34.868202209472656,0.0010999999940395355,0.02200000174343586,0.03299999609589577,78.25286865234375,5655.8173828125,114276.53125,0.02126905508339405,0.0,3.1392715754918754e-05,3841.22900390625,0.0,0.231320321559906,0.0191325880587101,0.0,0.0,34.8390007019043,0.0,0.0,1600.0,0.0,50.0,0.0,0.0,0.0,50.0,50.0,200.0,1.0,1.0,1.0000001192092896,0.0
2890.0,155.49932861328125,309.9742736816406,327.807861328125,327.8069763183594,292.1408386230469,292.1416931152344,16515.818359375,33031.63671875,66.97390747070312,66.97394561767578,1915.8577880859375,3831.611572265625,1915.844970703125,3831.5859375,288.4612121582031,59.021854400634766,-4.370726855995599e-06,0.0,0.0,2582.677978515625,1290.1259765625,0.0,34.86806869506836,2906.63720703125,11.836812973022461,11.836857795715332,971.0772094726562,1942.0587158203125,49.99989700317383,49.9998893737793,100.0,0.0,0.0,344.9919738769531,0.0,7.924896240234375,17.18410873413086,17.18499183654785,0.0,1.034000039100647,0.9067617654800415,50.0,0.09999999403953552,2.2907917499542236,0.0,0.0,0.0,0.0,0.1928102480773201,0.0,0.0,-0.0,0.002991035580635071,-0.0029914705082774162,0.0,-4.3481122702360153e-07,100.40201568603516,100.4019775390625,790.7993774414062,790.7993774414062,790.7993774414062,550.3868408203125,0.0,0.0,34.86806869506836,0.0010999999940395355,0.02200000174343586,0.03299999609589577,78.25286865234375,5655.8173828125,114276.53125,0.02126905508339405,0.0,3.1392715754918754e-05,3854.56396484375,0.0,0.231320321559906,0.0191325880587101,0.0,0.0,34.8390007019043,0.0,0.0,1600.0,0.0,50.0,0.0,0.0,0.0,50.0,50.0,200.0,1.0,1.0,1.0000001192092896,0.0
2900.0,155.49932861328125,309.9742736816406,327.807861328125,327.8069763183594,292.1408386230469,292.1416931152344,16515.818359375,33031.63671875,66.97390747070312,66.97394561767578,1915.8577880859375,3831.611572265625,1915.844970703125,3831.5859375,288.4612121582031,59.021888732910156,7.791144867042021e-07,0.0,0.0,2582.677978515625,1290.1259765625,0.0,34.866573333740234,2906.63720703125,11.836812973022461,11.836857795715332,971.0772094726562,1942.0587158203125,49.99989700317383,49.9998893737793,100.0,0.0,0.0,344.9919738769531,0.0,7.924896240234375,17.18410873413086,17.18499183654785,0.0,1.034000039100647,0.9067617654800415,50.0,0.09999999403953552,2.2907917499542236,0.0,0.0,0.0,0.0,0.1928102480773201,0.0,0.0,-0.0,0.002991035580635071,-0.0029914705082774162,0.0,-4.3481122702360153e-07,100.40201568603516,100.4019775390625,790.7993774414062,790.7993774414062,790.7993774414062,550.3868408203125,0.0,0.0,34.866573333740234,0.0010999999940395355,0.02200000174343586,0.03299999609589577,78.25286865234375,5655.8173828125,114276.53125,0.02126905508339405,0.0,3.1392715754918754e-05,3867.89892578125,0.0,0.231320321559906,0.0191325880587101,0.0,0.0,34.8390007019043,0.0,0.0,1600.0,0.0,50.0,0.0,0.0,0.0,50.0,50.0,200.0,1.0,1.0,1.0000001192092896,0.0
2910.0,155.49932861328125,309.9742736816406,327.807861328125,327.8069763183594,292.1408386230469,292.1416931152344,16515.818359375,33031.63671875,66.97390747070312,66.97394561767578,1915.8577880859375,3831.611572265625,1915.844970703125,3831.5859375,288.4612121582031,59.02192687988281,-3.933900188712869e-06,0.0,0.0,2582.677978515625,1290.1259765625,0.0,34.86777877807617,2906.63720703125,11.836812973022461,11.836857795715332,971.0772094726562,1942.0587158203125,49.99989700317383,49.9998893737793,100.0,0.0,0.0,344.9919738769531,0.0,7.924896240234375,17.18410873413086,17.18499183654785,0.0,1.034000039100647,0.9067617654800415,50.0,0.09999999403953552,2.2907917499542236,0.0,0.0,0.0,0.0,0.1928102480773201,0.0,0.0,-0.0,0.002991035580635071,-0.0029914705082774162,0.0,-4.3481122702360153e-07,100.40201568603516,100.4019775390625,790.7993774414062,790.7993774414062,790.7993774414062,550.3868408203125,0.0,0.0,34.86777877807617,0.0010999999940395355,0.02200000174343586,0.03299999609589577,78.25286865234375,5655.8173828125,114276.53125,0.02126905508339405,0.0,3.1392715754918754e-05,3881.23388671875,0.0,0.231320321559906,0.0191325880587101,0.0,0.0,34.8390007019043,0.0,0.0,1600.0,0.0,50.0,0.0,0.0,0.0,50.0,50.0,200.0,1.0,1.0,1.0000001192092896,0.0
2920.0,155.49932861328125,309.9742736816406,327.807861328125,327.8069763183594,292.1408386230469,292.1416931152344,16515.818359375,33031.63671875,66.97390747070312,66.97394561767578,1915.8577880859375,3831.611572265625,1915.844970703125,3831.5859375,288.4612121582031,59.0219612121582,1.2159414382040268e-06,0.0,0.0,2582.677978515625,1290.1259765625,0.0,34.867645263671875,2906.63720703125,11.836812973022461,11.836857795715332,971.0772094726562,1942.0587158203125,49.99989700317383,49.9998893737793,100.0,0.0,0.0,344.9919738769531,0.0,7.924896240234375,17.18410873413086,17.18499183654785,0.0,1.034000039100647,0.9067617654800415,50.0,0.09999999403953552,2.2907917499542236,0.0,0.0,0.0,0.0,0.1928102480773201,0.0,0.0,-0.0,0.002991035580635071,-0.0029914705082774162,0.0,-4.3481122702360153e-07,100.40201568603516,100.4019775390625,790.7993774414062,790.7993774414062,790.7993774414062,550.3868408203125,0.0,0.0,34.867645263671875,0.0010999999940395355,0.02200000174343586,0.03299999609589577,78.25286865234375,5655.8173828125,114276.53125,0.02126905508339405,0.0,3.1392715754918754e-05,3894.56884765625,0.0,0.231320321559906,0.0191325880587101,0.0,0.0,34.8390007019043,0.0,0.0,1600.0,0.0,50.0,0.0,0.0,0.0,50.0,50.0,200.0,1.0,1.0,1.0000001192092896,0.0
2930.0,155.49932861328125,309.9742736816406,327.807861328125,327.8069763183594,292.1408386230469,292.1416931152344,16515.818359375,33031.63671875,66.97390747070312,66.97394561767578,1915.8577880859375,3831.611572265625,1915.844970703125,3831.5859375,288.46124267578125,59.022003173828125,-2.924868567788508e-06,0.0,0.0,2582.677978515625,1290.1259765625,0.0,34.86751174926758,2906.63720703125,11.836812973022461,11.836857795715332,971.0772094726562,1942.0587158203125,49.99989700317383,49.9998893737793,100.0,0.0,0.0,344.9919738769531,0.0,7.924896240234375,17.18410873413086,17.18499183654785,0.0,1.034000039100647,0.9067617654800415,50.0,0.09999999403953552,2.2907917499542236,0.0,0.0,0.0,0.0,0.1928102480773201,0.0,0.0,-0.0,0.002991035580635071,-0.0029914705082774162,0.0,-4.3481122702360153e-07,100.40201568603516,100.4019775390625,790.7993774414062,790.7993774414062,790.7993774414062,550.3868408203125,0.0,0.0,34.86751174926758,0.0010999999940395355,0.02200000174343586,0.03299999609589577,78.25286865234375,5655.8173828125,114276.53125,0.02126905508339405,0.0,3.1392715754918754e-05,3907.90380859375,0.0,0.231320321559906,0.0191325880587101,0.0,0.0,34.8390007019043,0.0,0.0,1600.0,0.0,50.0,0.0,0.0,0.0,50.0,50.0,200.0,1.0,1.0,1.0000001192092896,0.0
2940.0,155.49932861328125,309.9742736816406,327.807861328125,327.8069763183594,292.1408386230469,292.1416931152344,16515.818359375,33031.63671875,66.97390747070312,66.97394561767578,1915.8577880859375,3831.611572265625,1915.844970703125,3831.5859375,288.46124267578125,59.022037506103516,2.2249728317547124e-06,0.0,0.0,2582.677978515625,1290.1259765625,0.0,34.86601638793945,2906.63720703125,11.836812973022461,11.836857795715332,971.0772094726562,1942.0587158203125,49.99989700317383,49.9998893737793,100.0,0.0,0.0,344.9919738769531,0.0,7.924896240234375,17.18410873413086,17.18499183654785,0.0,1.034000039100647,0.9067617654800415,50.0,0.09999999403953552,2.2907917499542236,0.0,0.0,0.0,0.0,0.1928102480773201,0.0,0.0,-0.0,0.002991035580635071,-0.0029914705082774162,0.0,-4.3481122702360153e-07,100.40201568603516,100.4019775390625,790.7993774414062,790.7993774414062,790.7993774414062,550.3868408203125,0.0,0.0,34.86601638793945,0.0010999999940395355,0.02200000174343586,0.03299999609589577,78.25286865234375,5655.8173828125,114276.53125,0.02126905508339405,0.0,3.1392715754918754e-05,3921.23876953125,0.0,0.231320321559906,0.0191325880587101,0.0,0.0,34.8390007019043,0.0,0.0,1600.0,0.0,50.0,0.0,0.0,0.0,50.0,50.0,200.0,1.0,1.0,1.0000001192092896,0.0
2950.0,155.49932861328125,309.9742736816406,327.807861328125,327.8069763183594,292.1408386230469,292.1416931152344,16515.818359375,33031.63671875,66.97390747070312,66.97394561767578,1915.8577880859375,3831.611572265625,1915.844970703125,3831.5859375,288.4612731933594,59.02207565307617,-2.488041673132102e-06,0.0,0.0,2582.677978515625,1290.1259765625,0.0,34.867218017578125,2906.63720703125,11.836812973022461,11.836857795715332,971.0772094726562,1942.0587158203125,49.99989700317383,49.9998893737793,100.0,0.0,0.0,344.9919738769531,0.0,7.924896240234375,17.18410873413086,17.18499183654785,0.0,1.034000039100647,0.9067617654800415,50.0,0.09999999403953552,2.2907917499542236,0.0,0.0,0.0,0.0,0.1928102480773201,0.0,0.0,-0.0,0.002991035580635071,-0.0029914705082774162,0.0,-4.3481122702360153e-07,100.40201568603516,100.4019775390625,790.7993774414062,790.7993774414062,790.7993774414062,550.3868408203125,0.0,0.0,34.867218017578125,0.0010999999940395355,0.02200000174343586,0.03299999609589577,78.25286865234375,5655.8173828125,114276.53125,0.02126905508339405,0.0,3.1392715754918754e-05,3934.57373046875,0.0,0.231320321559906,0.0191325880587101,0.0,0.0,34.8390007019043,0.0,0.0,1600.0,0.0,50.0,0.0,0.0,0.0,50.0,50.0,200.0,1.0,1.0,1.0000001192092896,0.0
2960.0,155.49932861328125,309.9742736816406,327.807861328125,327.8069763183594,292.1408386230469,292.1416931152344,16515.818359375,33031.63671875,66.97390747070312,66.97394561767578,1915.8577880859375,3831.611572265625,1915.844970703125,3831.5859375,288.4612731933594,59.022117614746094,3.8062089515733533e-06,0.0,0.0,2582.677978515625,1290.1259765625,0.0,34.86708450317383,2906.63720703125,11.836812973022461,11.836857795715332,971.0772094726562,1942.0587158203125,49.99989700317383,49.9998893737793,100.0,0.0,0.0,344.9919738769531,0.0,7.924896240234375,17.18410873413086,17.18499183654785,0.0,1.034000039100647,0.9067617654800415,50.0,0.09999999403953552,2.2907917499542236,0.0,0.0,0.0,0.0,0.1928102480773201,0.0,0.0,-0.0,0.002991035580635071,-0.0029914705082774162,0.0,-4.3481122702360153e-07,100.40201568603516,100.4019775390625,790.7993774414062,790.7993774414062,790.7993774414062,550.3868408203125,0.0,0.0,34.86708450317383,0.0010999999940395355,0.02200000174343586,0.03299999609589577,78.25286865234375,5655.8173828125,114276.53125,0.02126905508339405,0.0,3.1392715754918754e-05,3947.90869140625,0.0,0.231320321559906,0.0191325880587101,0.0,0.0,34.8390007019043,0.0,0.0,1600.0,0.0,50.0,0.0,0.0,0.0,50.0,50.0,200.0,1.0,1.0,1.0000001192092896,0.0
2970.0,155.49932861328125,309.9742736816406,327.807861328125,327.8069763183594,292.1408386230469,292.1416931152344,16515.818359375,33031.63671875,66.97390747070312,66.97394561767578,1915.8577880859375,3831.611572265625,1915.844970703125,3831.5859375,288.4613037109375,59.022151947021484,-1.479010052207741e-06,0.0,0.0,2582.677978515625,1290.1259765625,0.0,34.8655891418457,2906.63720703125,11.836812973022461,11.836857795715332,971.0772094726562,1942.0587158203125,49.99989700317383,49.9998893737793,100.0,0.0,0.0,344.9919738769531,0.0,7.924896240234375,17.18410873413086,17.18499183654785,0.0,1.034000039100647,0.9067617654800415,50.0,0.09999999403953552,2.2907917499542236,0.0,0.0,0.0,0.0,0.1928102480773201,0.0,0.0,-0.0,0.002991035580635071,-0.0029914705082774162,0.0,-4.3481122702360153e-07,100.40201568603516,100.4019775390625,790.7993774414062,790.7993774414062,790.7993774414062,550.3868408203125,0.0,0.0,34.8655891418457,0.0010999999940395355,0.02200000174343586,0.03299999609589577,78.25286865234375,5655.8173828125,114276.53125,0.02126905508339405,0.0,3.1392715754918754e-05,3961.24365234375,0.0,0.231320321559906,0.0191325880587101,0.0,0.0,34.8390007019043,0.0,0.0,1600.0,0.0,50.0,0.0,0.0,0.0,50.0,50.0,200.0,1.0,1.0,1.0000001192092896,0.0
2980.0,155.49932861328125,309.9742736816406,327.807861328125,327.8069763183594,292.1408386230469,292.1416931152344,16515.818359375,33031.63671875,66.97390747070312,66.97394561767578,1915.8577880859375,3831.611572265625,1915.844970703125,3831.5859375,288.4613037109375,59.022193908691406,4.815241027245065e-06,0.0,0.0,2582.677978515625,1290.1259765625,0.0,34.86679458618164,2906.63720703125,11.836812973022461,11.836857795715332,971.0772094726562,1942.0587158203125,49.99989700317383,49.9998893737793,100.0,0.0,0.0,344.9919738769531,0.0,7.924896240234375,17.18410873413086,17.18499183654785,0.0,1.034000039100647,0.9067617654800415,50.0,0.09999999403953552,2.2907917499542236,0.0,0.0,0.0,0.0,0.1928102480773201,0.0,0.0,-0.0,0.002991035580635071,-0.0029914705082774162,0.0,-4.3481122702360153e-07,100.40201568603516,100.4019775390625,790.7993774414062,790.7993774414062,790.7993774414062,550.3868408203125,0.0,0.0,34.86679458618164,0.0010999999940395355,0.02200000174343586,0.03299999609589577,78.25286865234375,5655.8173828125,114276.53125,0.02126905508339405,0.0,3.1392715754918754e-05,3974.57861328125,0.0,0.231320321559906,0.0191325880587101,0.0,0.0,34.8390007019043,0.0,0.0,1600.0,0.0,50.0,0.0,0.0,0.0,50.0,50.0,200.0,1.0,1.0,1.0000001192092896,0.0
2990.0,155.49932861328125,309.9742736816406,327.807861328125,327.8069763183594,292.1408386230469,292.1416931152344,16515.818359375,33031.63671875,66.97390747070312,66.97394561767578,1915.8577880859375,3831.611572265625,1915.844970703125,3831.5859375,288.4613342285156,59.0222282409668,-4.6997848812679877e-07,0.0,0.0,2582.677978515625,1290.1259765625,0.0,34.866661071777344,2906.63720703125,11.836812973022461,11.836857795715332,971.0772094726562,1942.0587158203125,49.99989700317383,49.9998893737793,100.0,0.0,0.0,344.9919738769531,0.0,7.924896240234375,17.18410873413086,17.18499183654785,0.0,1.034000039100647,0.9067617654800415,50.0,0.09999999403953552,2.2907917499542236,0.0,0.0,0.0,0.0,0.1928102480773201,0.0,0.0,-0.0,0.002991035580635071,-0.0029914705082774162,0.0,-4.3481122702360153e-07,100.40201568603516,100.4019775390625,790.7993774414062,790.7993774414062,790.7993774414062,550.3868408203125,0.0,0.0,34.866661071777344,0.0010999999940395355,0.02200000174343586,0.03299999609589577,78.25286865234375,5655.8173828125,114276.53125,0.02126905508339405,0.0,3.1392715754918754e-05,3987.91357421875,0.0,0.231320321559906,0.0191325880587101,0.0,0.0,34.8390007019043,0.0,0.0,1600.0,0.0,50.0,0.0,0.0,0.0,50.0,50.0,200.0,1.0,1.0,1.0000001192092896,0.0
3000.0,155.49932861328125,309.9742736816406,327.807861328125,327.8069763183594,292.1408386230469,292.1416931152344,16515.818359375,33031.63671875,66.97390747070312,66.97394561767578,1915.8577880859375,3831.611572265625,1915.844970703125,3831.5859375,288.4613342285156,59.02226638793945,5.2520676945277955e-06,0.0,0.0,2582.677978515625,1290.1259765625,0.0,34.86516571044922,2906.63720703125,11.836812973022461,11.836857795715332,971.0772094726562,1942.0587158203125,49.99989700317383,49.9998893737793,100.0,0.0,0.0,344.9919738769531,0.0,7.924896240234375,17.18410873413086,17.18499183654785,0.0,1.034000039100647,0.9067617654800415,50.0,0.09999999403953552,2.2907917499542236,0.0,0.0,0.0,0.0,0.1928102480773201,0.0,0.0,-0.0,0.002991035580635071,-0.0029914705082774162,0.0,-4.3481122702360153e-07,100.40201568603516,100.4019775390625,790.7993774414062,790.7993774414062,790.7993774414062,550.3868408203125,0.0,0.0,34.86516571044922,0.0010999999940395355,0.02200000174343586,0.03299999609589577,78.25286865234375,5655.8173828125,114276.53125,0.02126905508339405,0.0,3.1392715754918754e-05,4001.24853515625,0.0,0.231320321559906,0.0191325880587101,0.0,0.0,34.8390007019043,0.0,0.0,1600.0,0.0,50.0,0.0,0.0,0.0,50.0,50.0,200.0,1.0,1.0,1.0000001192092896,0.0
3010.0,155.49932861328125,309.9742736816406,327.807861328125,327.8069763183594,292.1408386230469,292.1416931152344,16515.818359375,33031.63671875,66.97390747070312,66.97394561767578,1915.8577880859375,3831.611572265625,1915.844970703125,3831.5859375,288.46136474609375,59.022300720214844,-3.315153307426044e-08,0.0,0.0,2582.677978515625,1290.1259765625,0.0,34.866371154785156,2906.63720703125,11.836812973022461,11.836857795715332,971.0772094726562,1942.0587158203125,49.99989700317383,49.9998893737793,100.0,0.0,0.0,344.9919738769531,0.0,7.924896240234375,17.18410873413086,17.18499183654785,0.0,1.034000039100647,0.9067617654800415,50.0,0.09999999403953552,2.2907917499542236,0.0,0.0,0.0,0.0,0.1928102480773201,0.0,0.0,-0.0,0.002991035580635071,-0.0029914705082774162,0.0,-4.3481122702360153e-07,100.40201568603516,100.4019775390625,790.7993774414062,790.7993774414062,790.7993774414062,550.3868408203125,0.0,0.0,34.866371154785156,0.0010999999940395355,0.02200000174343586,0.03299999609589577,78.25286865234375,5655.8173828125,114276.53125,0.02126905508339405,0.0,3.1392715754918754e-05,4014.58349609375,0.0,0.231320321559906,0.0191325880587101,0.0,0.0,34.8390007019043,0.0,0.0,1600.0,0.0,50.0,0.0,0.0,0.0,50.0,50.0,200.0,1.0,1.0,1.0000001192092896,0.0
3020.0,155.49932861328125,309.9742736816406,327.807861328125,327.8069763183594,292.1408386230469,292.1416931152344,16515.818359375,33031.63671875,66.97390747070312,66.97394561767578,1915.8577880859375,3831.611572265625,1915.844970703125,3831.5859375,288.4613952636719,59.022342681884766,-4.173961315245833e-06,0.0,0.0,2582.677978515625,1290.1259765625,0.0,34.86623764038086,2906.63720703125,11.836812973022461,11.836857795715332,971.0772094726562,1942.0587158203125,49.99989700317383,49.9998893737793,100.0,0.0,0.0,344.9919738769531,0.0,7.924896240234375,17.18410873413086,17.18499183654785,0.0,1.034000039100647,0.9067617654800415,50.0,0.09999999403953552,2.2907917499542236,0.0,0.0,0.0,0.0,0.1928102480773201,0.0,0.0,-0.0,0.002991035580635071,-0.0029914705082774162,0.0,-4.3481122702360153e-07,100.40201568603516,100.4019775390625,790.7993774414062,790.7993774414062,790.7993774414062,550.3868408203125,0.0,0.0,34.86623764038086,0.0010999999940395355,0.02200000174343586,0.03299999609589577,78.25286865234375,5655.8173828125,114276.53125,0.02126905508339405,0.0,3.1392715754918754e-05,4027.91845703125,0.0,0.231320321559906,0.0191325880587101,0.0,0.0,34.8390007019043,0.0,0.0,1600.0,0.0,50.0,0.0,0.0,0.0,50.0,50.0,200.0,1.0,1.0,1.0000001192092896,0.0
3030.0,155.49932861328125,309.9742736816406,327.807861328125,327.8069763183594,292.1408386230469,292.1416931152344,16515.818359375,33031.63671875,66.97390747070312,66.97394561767578,1915.8577880859375,3831.611572265625,1915.844970703125,3831.5859375,288.4613952636719,59.022377014160156,9.758799706105492e-07,0.0,0.0,2582.677978515625,1290.1259765625,0.0,34.86610412597656,2906.63720703125,11.836812973022461,11.836857795715332,971.0772094726562,1942.0587158203125,49.99989700317383,49.9998893737793,100.0,0.0,0.0,344.9919738769531,0.0,7.924896240234375,17.18410873413086,17.18499183654785,0.0,1.034000039100647,0.9067617654800415,50.0,0.09999999403953552,2.2907917499542236,0.0,0.0,0.0,0.0,0.1928102480773201,0.0,0.0,-0.0,0.002991035580635071,-0.0029914705082774162,0.0,-4.3481122702360153e-07,100.40201568603516,100.4019775390625,790.7993774414062,790.7993774414062,790.7993774414062,550.3868408203125,0.0,0.0,34.86610412597656,0.0010999999940395355,0.02200000174343586,0.03299999609589577,78.25286865234375,5655.8173828125,114276.53125,0.02126905508339405,0.0,3.1392715754918754e-05,4041.25341796875,0.0,0.231320321559906,0.0191325880587101,0.0,0.0,34.8390007019043,0.0,0.0,1600.0,0.0,50.0,0.0,0.0,0.0,50.0,50.0,200.0,1.0,1.0,1.0000001192092896,0.0
3040.0,155.49932861328125,309.9742736816406,327.807861328125,327.8069763183594,292.1408386230469,292.1416931152344,16515.818359375,33031.63671875,66.97390747070312,66.97394561767578,1915.8577880859375,3831.611572265625,1915.844970703125,3831.5859375,288.46142578125,59.02241516113281,-3.7371344205894275e-06,0.0,0.0,2582.677978515625,1290.1259765625,0.0,34.86460876464844,2906.63720703125,11.836812973022461,11.836857795715332,971.0772094726562,1942.0587158203125,49.99989700317383,49.9998893737793,100.0,0.0,0.0,344.9919738769531,0.0,7.924896240234375,17.18410873413086,17.18499183654785,0.0,1.034000039100647,0.9067617654800415,50.0,0.09999999403953552,2.2907917499542236,0.0,0.0,0.0,0.0,0.1928102480773201,0.0,0.0,-0.0,0.002991035580635071,-0.0029914705082774162,0.0,-4.3481122702360153e-07,100.40201568603516,100.4019775390625,790.7993774414062,790.7993774414062,790.7993774414062,550.3868408203125,0.0,0.0,34.86460876464844,0.0010999999940395355,0.02200000174343586,0.03299999609589577,78.25286865234375,5655.8173828125,114276.53125,0.02126905508339405,0.0,3.1392715754918754e-05,4054.58837890625,0.0,0.231320321559906,0.0191325880587101,0.0,0.0,34.8390007019043,0.0,0.0,1600.0,0.0,50.0,0.0,0.0,0.0,50.0,50.0,200.0,1.0,1.0,1.0000001192092896,0.0
3050.0,155.49932861328125,309.9742736816406,327.807861328125,327.8069763183594,292.1408386230469,292.1416931152344,16515.818359375,33031.63671875,66.97390747070312,66.97394561767578,1915.8577880859375,3831.611572265625,1915.844970703125,3831.5859375,288.46142578125,59.0224494934082,1.4127069789537927e-06,0.0,0.0,2582.677978515625,1290.1259765625,0.0,34.86581039428711,2906.63720703125,11.836812973022461,11.836857795715332,971.0772094726562,1942.0587158203125,49.99989700317383,49.9998893737793,100.0,0.0,0.0,344.9919738769531,0.0,7.924896240234375,17.18410873413086,17.18499183654785,0.0,1.034000039100647,0.9067617654800415,50.0,0.09999999403953552,2.2907917499542236,0.0,0.0,0.0,0.0,0.1928102480773201,0.0,0.0,-0.0,0.002991035580635071,-0.0029914705082774162,0.0,-4.3481122702360153e-07,100.40201568603516,100.4019775390625,790.7993774414062,790.7993774414062,790.7993774414062,550.3868408203125,0.0,0.0,34.86581039428711,0.0010999999940395355,0.02200000174343586,0.03299999609589577,78.25286865234375,5655.8173828125,114276.53125,0.02126905508339405,0.0,3.1392715754918754e-05,4067.92333984375,0.0,0.231320321559906,0.0191325880587101,0.0,0.0,34.8390007019043,0.0,0.0,1600.0,0.0,50.0,0.0,0.0,0.0,50.0,50.0,200.0,1.0,1.0,1.0000001192092896,0.0
3060.0,155.49932861328125,309.9742736816406,327.807861328125,327.8069763183594,292.1408386230469,292.1416931152344,16515.818359375,33031.63671875,66.97390747070312,66.97394561767578,1915.8577880859375,3831.611572265625,1915.844970703125,3831.5859375,288.4614562988281,59.022491455078125,-2.7281027996650664e-06,0.0,0.0,2582.677978515625,1290.1259765625,0.0,34.86567687988281,2906.63720703125,11.836812973022461,11.836857795715332,971.0772094726562,1942.0587158203125,49.99989700317383,49.9998893737793,100.0,0.0,0.0,344.9919738769531,0.0,7.924896240234375,17.18410873413086,17.18499183654785,0.0,1.034000039100647,0.9067617654800415,50.0,0.09999999403953552,2.2907917499542236,0.0,0.0,0.0,0.0,0.1928102480773201,0.0,0.0,-0.0,0.002991035580635071,-0.0029914705082774162,0.0,-4.3481122702360153e-07,100.40201568603516,100.4019775390625,790.7993774414062,790.7993774414062,790.7993774414062,550.3868408203125,0.0,0.0,34.86567687988281,0.0010999999940395355,0.02200000174343586,0.03299999609589577,78.25286865234375,5655.8173828125,114276.53125,0.02126905508339405,0.0,3.1392715754918754e-05,4081.25830078125,0.0,0.231320321559906,0.0191325880587101,0.0,0.0,34.8390007019043,0.0,0.0,1600.0,0.0,50.0,0.0,0.0,0.0,50.0,50.0,200.0,1.0,1.0,1.0000001192092896,0.0
3070.0,155.49932861328125,309.9742736816406,327.807861328125,327.8069763183594,292.1408386230469,292.1416931152344,16515.818359375,33031.63671875,66.97390747070312,66.97394561767578,1915.8577880859375,3831.611572265625,1915.844970703125,3831.5859375,288.4614562988281,59.02252960205078,2.993943326146109e-06,0.0,0.0,2582.677978515625,1290.1259765625,0.0,34.86418151855469,2906.63720703125,11.836812973022461,11.836857795715332,971.0772094726562,1942.0587158203125,49.99989700317383,49.9998893737793,100.0,0.0,0.0,344.9919738769531,0.0,7.924896240234375,17.18410873413086,17.18499183654785,0.0,1.034000039100647,0.9067617654800415,50.0,0.09999999403953552,2.2907917499542236,0.0,0.0,0.0,0.0,0.1928102480773201,0.0,0.0,-0.0,0.002991035580635071,-0.0029914705082774162,0.0,-4.3481122702360153e-07,100.40201568603516,100.4019775390625,790.7993774414062,790.7993774414062,790.7993774414062,550.3868408203125,0.0,0.0,34.86418151855469,0.0010999999940395355,0.02200000174343586,0.03299999609589577,78.25286865234375,5655.8173828125,114276.53125,0.02126905508339405,0.0,3.1392715754918754e-05,4094.59326171875,0.0,0.231320321559906,0.0191325880587101,0.0,0.0,34.8390007019043,0.0,0.0,1600.0,0.0,50.0,0.0,0.0,0.0,50.0,50.0,200.0,1.0,1.0,1.0000001192092896,0.0
3080.0,155.49932861328125,309.9742736816406,327.807861328125,327.8069763183594,292.1408386230469,292.1416931152344,16515.818359375,33031.63671875,66.97390747070312,66.97394561767578,1915.8577880859375,3831.611572265625,1915.844970703125,3831.5859375,288.46148681640625,59.02256393432617,-2.2912759050086606e-06,0.0,0.0,2582.677978515625,1290.1259765625,0.0,34.86404800415039,2906.63720703125,11.836812973022461,11.836857795715332,971.0772094726562,1942.0587158203125,49.99989700317383,49.9998893737793,100.0,0.0,0.0,344.9919738769531,0.0,7.924896240234375,17.18410873413086,17.18499183654785,0.0,1.034000039100647,0.9067617654800415,50.0,0.09999999403953552,2.2907917499542236,0.0,0.0,0.0,0.0,0.1928102480773201,0.0,0.0,-0.0,0.002991035580635071,-0.0029914705082774162,0.0,-4.3481122702360153e-07,100.40201568603516,100.4019775390625,790.7993774414062,790.7993774414062,790.7993774414062,550.3868408203125,0.0,0.0,34.86404800415039,0.0010999999940395355,0.02200000174343586,0.03299999609589577,78.25286865234375,5655.8173828125,114276.53125,0.02126905508339405,0.0,3.1392715754918754e-05,4107.9326171875,0.0,0.231320321559906,0.0191325880587101,0.0,0.0,34.8390007019043,0.0,0.0,1600.0,0.0,50.0,0.0,0.0,0.0,50.0,50.0,200.0,1.0,1.0,1.0000001192092896,0.0
3090.0,155.49932861328125,309.9742736816406,327.807861328125,327.8069763183594,292.1408386230469,292.1416931152344,16515.818359375,33031.63671875,66.97390747070312,66.97394561767578,1915.8577880859375,3831.611572265625,1915.844970703125,3831.5859375,288.46148681640625,59.02259826660156,2.8585654945345595e-06,0.0,0.0,2582.677978515625,1290.1259765625,0.0,34.86525344848633,2906.63720703125,11.836812973022461,11.836857795715332,971.0772094726562,1942.0587158203125,49.99989700317383,49.9998893737793,100.0,0.0,0.0,344.9919738769531,0.0,7.924896240234375,17.18410873413086,17.18499183654785,0.0,1.034000039100647,0.9067617654800415,50.0,0.09999999403953552,2.2907917499542236,0.0,0.0,0.0,0.0,0.1928102480773201,0.0,0.0,-0.0,0.002991035580635071,-0.0029914705082774162,0.0,-4.3481122702360153e-07,100.40201568603516,100.4019775390625,790.7993774414062,790.7993774414062,790.7993774414062,550.3868408203125,0.0,0.0,34.86525344848633,0.0010999999940395355,0.02200000174343586,0.03299999609589577,78.25286865234375,5655.8173828125,114276.53125,0.02126905508339405,0.0,3.1392715754918754e-05,4121.2724609375,0.0,0.231320321559906,0.0191325880587101,0.0,0.0,34.8390007019043,0.0,0.0,1600.0,0.0,50.0,0.0,0.0,0.0,50.0,50.0,200.0,1.0,1.0,1.0000001192092896,0.0
3100.0,155.49932861328125,309.9742736816406,327.807861328125,327.8069763183594,292.1408386230469,292.1416931152344,16515.818359375,33031.63671875,66.97390747070312,66.97394561767578,1915.8577880859375,3831.611572265625,1915.844970703125,3831.5859375,288.4615173339844,59.022640228271484,-1.2822443977711373e-06,0.0,0.0,2582.677978515625,1290.1259765625,0.0,34.86511993408203,2906.63720703125,11.836812973022461,11.836857795715332,971.0772094726562,1942.0587158203125,49.99989700317383,49.9998893737793,100.0,0.0,0.0,344.9919738769531,0.0,7.924896240234375,17.18410873413086,17.18499183654785,0.0,1.034000039100647,0.9067617654800415,50.0,0.09999999403953552,2.2907917499542236,0.0,0.0,0.0,0.0,0.1928102480773201,0.0,0.0,-0.0,0.002991035580635071,-0.0029914705082774162,0.0,-4.3481122702360153e-07,100.40201568603516,100.4019775390625,790.7993774414062,790.7993774414062,790.7993774414062,550.3868408203125,0.0,0.0,34.86511993408203,0.0010999999940395355,0.02200000174343586,0.03299999609589577,78.25286865234375,5655.8173828125,114276.53125,0.02126905508339405,0.0,3.1392715754918754e-05,4134.6123046875,0.0,0.231320321559906,0.0191325880587101,0.0,0.0,34.8390007019043,0.0,0.0,1600.0,0.0,50.0,0.0,0.0,0.0,50.0,50.0,200.0,1.0,1.0,1.0000001192092896,0.0
3110.0,155.49932861328125,309.9742736816406,327.807861328125,327.8069763183594,292.1408386230469,292.1416931152344,16515.818359375,33031.63671875,66.97390747070312,66.97394561767578,1915.8577880859375,3831.611572265625,1915.844970703125,3831.5859375,288.4615173339844,59.02267837524414,4.4398016143532e-06,0.0,0.0,2582.677978515625,1290.1259765625,0.0,34.86496353149414,2906.63720703125,11.836812973022461,11.836857795715332,971.0772094726562,1942.0587158203125,49.99989700317383,49.9998893737793,100.0,0.0,0.0,344.9919738769531,0.0,7.924896240234375,17.18410873413086,17.18499183654785,0.0,1.034000039100647,0.9067617654800415,50.0,0.09999999403953552,2.2907917499542236,0.0,0.0,0.0,0.0,0.1928102480773201,0.0,0.0,-0.0,0.002991035580635071,-0.0029914705082774162,0.0,-4.3481122702360153e-07,100.40201568603516,100.4019775390625,790.7993774414062,790.7993774414062,790.7993774414062,550.3868408203125,0.0,0.0,34.86496353149414,0.0010999999940395355,0.02200000174343586,0.03299999609589577,78.25286865234375,5655.8173828125,114276.53125,0.02126905508339405,0.0,3.1392715754918754e-05,4147.9521484375,0.0,0.231320321559906,0.0191325880587101,0.0,0.0,34.8390007019043,0.0,0.0,1600.0,0.0,50.0,0.0,0.0,0.0,50.0,50.0,200.0,1.0,1.0,1.0000001192092896,0.0
3120.0,155.49932861328125,309.9742736816406,327.807861328125,327.8069763183594,292.1408386230469,292.1416931152344,16515.818359375,33031.63671875,66.97390747070312,66.97394561767578,1915.8577880859375,3831.611572265625,1915.844970703125,3831.5859375,288.4615173339844,59.02272033691406,2.9899172204750357e-07,0.0,0.0,2582.677978515625,1290.1259765625,0.0,34.864830017089844,2906.63720703125,11.836812973022461,11.836857795715332,971.0772094726562,1942.0587158203125,49.99989700317383,49.9998893737793,100.0,0.0,0.0,344.9919738769531,0.0,7.924896240234375,17.18410873413086,17.18499183654785,0.0,1.034000039100647,0.9067617654800415,50.0,0.09999999403953552,2.2907917499542236,0.0,0.0,0.0,0.0,0.1928102480773201,0.0,0.0,-0.0,0.002991035580635071,-0.0029914705082774162,0.0,-4.3481122702360153e-07,100.40201568603516,100.4019775390625,790.7993774414062,790.7993774414062,790.7993774414062,550.3868408203125,0.0,0.0,34.864830017089844,0.0010999999940395355,0.02200000174343586,0.03299999609589577,78.25286865234375,5655.8173828125,114276.53125,0.02126905508339405,0.0,3.1392715754918754e-05,4161.2919921875,0.0,0.231320321559906,0.0191325880587101,0.0,0.0,34.8390007019043,0.0,0.0,1600.0,0.0,50.0,0.0,0.0,0.0,50.0,50.0,200.0,1.0,1.0,1.0000001192092896,0.0
3130.0,155.49932861328125,309.9742736816406,327.807861328125,327.8069763183594,292.1408386230469,292.1416931152344,16515.818359375,33031.63671875,66.97390747070312,66.97394561767578,1915.8577880859375,3831.611572265625,1915.844970703125,3831.5859375,288.4615478515625,59.02275466918945,-4.986227395420428e-06,0.0,0.0,2582.677978515625,1290.1259765625,0.0,34.86333465576172,2906.63720703125,11.836812973022461,11.836857795715332,971.0772094726562,1942.0587158203125,49.99989700317383,49.9998893737793,100.0,0.0,0.0,344.9919738769531,0.0,7.924896240234375,17.18410873413086,17.18499183654785,0.0,1.034000039100647,0.9067617654800415,50.0,0.09999999403953552,2.2907917499542236,0.0,0.0,0.0,0.0,0.1928102480773201,0.0,0.0,-0.0,0.002991035580635071,-0.0029914705082774162,0.0,-4.3481122702360153e-07,100.40201568603516,100.4019775390625,790.7993774414062,790.7993774414062,790.7993774414062,550.3868408203125,0.0,0.0,34.86333465576172,0.0010999999940395355,0.02200000174343586,0.03299999609589577,78.25286865234375,5655.8173828125,114276.53125,0.02126905508339405,0.0,3.1392715754918754e-05,4174.6318359375,0.0,0.231320321559906,0.0191325880587101,0.0,0.0,34.8390007019043,0.0,0.0,1600.0,0.0,50.0,0.0,0.0,0.0,50.0,50.0,200.0,1.0,1.0,1.0000001192092896,0.0
3140.0,155.49932861328125,309.9742736816406,327.807861328125,327.8069763183594,292.1408386230469,292.1416931152344,16515.818359375,33031.63671875,66.97390747070312,66.97394561767578,1915.8577880859375,3831.611572265625,1915.844970703125,3831.5859375,288.4615478515625,59.022789001464844,1.6361406096621067e-07,0.0,0.0,2582.677978515625,1290.1259765625,0.0,34.864540100097656,2906.63720703125,11.836812973022461,11.836857795715332,971.0772094726562,1942.0587158203125,49.99989700317383,49.9998893737793,100.0,0.0,0.0,344.9919738769531,0.0,7.924896240234375,17.18410873413086,17.18499183654785,0.0,1.034000039100647,0.9067617654800415,50.0,0.09999999403953552,2.2907917499542236,0.0,0.0,0.0,0.0,0.1928102480773201,0.0,0.0,-0.0,0.002991035580635071,-0.0029914705082774162,0.0,-4.3481122702360153e-07,100.40201568603516,100.4019775390625,790.7993774414062,790.7993774414062,790.7993774414062,550.3868408203125,0.0,0.0,34.864540100097656,0.0010999999940395355,0.02200000174343586,0.03299999609589577,78.25286865234375,5655.8173828125,114276.53125,0.02126905508339405,0.0,3.1392715754918754e-05,4187.9716796875,0.0,0.231320321559906,0.0191325880587101,0.0,0.0,34.8390007019043,0.0,0.0,1600.0,0.0,50.0,0.0,0.0,0.0,50.0,50.0,200.0,1.0,1.0,1.0000001192092896,0.0
3150.0,155.49932861328125,309.9742736816406,327.807861328125,327.8069763183594,292.1408386230469,292.1416931152344,16515.818359375,33031.63671875,66.97390747070312,66.97394561767578,1915.8577880859375,3831.611572265625,1915.844970703125,3831.5859375,288.4615783691406,59.0228271484375,-4.549400728137698e-06,0.0,0.0,2582.677978515625,1290.1259765625,0.0,34.86440658569336,2906.63720703125,11.836812973022461,11.836857795715332,971.0772094726562,1942.0587158203125,49.99989700317383,49.9998893737793,100.0,0.0,0.0,344.9919738769531,0.0,7.924896240234375,17.18410873413086,17.18499183654785,0.0,1.034000039100647,0.9067617654800415,50.0,0.09999999403953552,2.2907917499542236,0.0,0.0,0.0,0.0,0.1928102480773201,0.0,0.0,-0.0,0.002991035580635071,-0.0029914705082774162,0.0,-4.3481122702360153e-07,100.40201568603516,100.4019775390625,790.7993774414062,790.7993774414062,790.7993774414062,550.3868408203125,0.0,0.0,34.86440658569336,0.0010999999940395355,0.02200000174343586,0.03299999609589577,78.25286865234375,5655.8173828125,114276.53125,0.02126905508339405,0.0,3.1392715754918754e-05,4201.3115234375,0.0,0.231320321559906,0.0191325880587101,0.0,0.0,34.8390007019043,0.0,0.0,1600.0,0.0,50.0,0.0,0.0,0.0,50.0,50.0,200.0,1.0,1.0,1.0000001192092896,0.0
3160.0,155.49932861328125,309.9742736816406,327.807861328125,327.8069763183594,292.1408386230469,292.1416931152344,16515.818359375,33031.63671875,66.97390747070312,66.97394561767578,1915.8577880859375,3831.611572265625,1915.844970703125,3831.5859375,288.4615783691406,59.02286911010742,1.7448503513151081e-06,0.0,0.0,2582.677978515625,1290.1259765625,0.0,34.8642692565918,2906.63720703125,11.836812973022461,11.836857795715332,971.0772094726562,1942.0587158203125,49.99989700317383,49.9998893737793,100.0,0.0,0.0,344.9919738769531,0.0,7.924896240234375,17.18410873413086,17.18499183654785,0.0,1.034000039100647,0.9067617654800415,50.0,0.09999999403953552,2.2907917499542236,0.0,0.0,0.0,0.0,0.1928102480773201,0.0,0.0,-0.0,0.002991035580635071,-0.0029914705082774162,0.0,-4.3481122702360153e-07,100.40201568603516,100.4019775390625,790.7993774414062,790.7993774414062,790.7993774414062,550.3868408203125,0.0,0.0,34.8642692565918,0.0010999999940395355,0.02200000174343586,0.03299999609589577,78.25286865234375,5655.8173828125,114276.53125,0.02126905508339405,0.0,3.1392715754918754e-05,4214.6513671875,0.0,0.231320321559906,0.0191325880587101,0.0,0.0,34.8390007019043,0.0,0.0,1600.0,0.0,50.0,0.0,0.0,0.0,50.0,50.0,200.0,1.0,1.0,1.0000001192092896,0.0
3170.0,155.49932861328125,309.9742736816406,327.807861328125,327.8069763183594,292.1408386230469,292.1416931152344,16515.818359375,33031.63671875,66.97390747070312,66.97394561767578,1915.8577880859375,3831.611572265625,1915.844970703125,3831.5859375,288.46160888671875,59.02290344238281,-3.540369107213337e-06,0.0,0.0,2582.677978515625,1290.1259765625,0.0,34.86277389526367,2906.63720703125,11.836812973022461,11.836857795715332,971.0772094726562,1942.0587158203125,49.99989700317383,49.9998893737793,100.0,0.0,0.0,344.9919738769531,0.0,7.924896240234375,17.18410873413086,17.18499183654785,0.0,1.034000039100647,0.9067617654800415,50.0,0.09999999403953552,2.2907917499542236,0.0,0.0,0.0,0.0,0.1928102480773201,0.0,0.0,-0.0,0.002991035580635071,-0.0029914705082774162,0.0,-4.3481122702360153e-07,100.40201568603516,100.4019775390625,790.7993774414062,790.7993774414062,790.7993774414062,550.3868408203125,0.0,0.0,34.86277389526367,0.0010999999940395355,0.02200000174343586,0.03299999609589577,78.25286865234375,5655.8173828125,114276.53125,0.02126905508339405,0.0,3.1392715754918754e-05,4227.9912109375,0.0,0.231320321559906,0.0191325880587101,0.0,0.0,34.8390007019043,0.0,0.0,1600.0,0.0,50.0,0.0,0.0,0.0,50.0,50.0,200.0,1.0,1.0,1.0000001192092896,0.0
3180.0,155.49932861328125,309.9742736816406,327.807861328125,327.8069763183594,292.1408386230469,292.1416931152344,16515.818359375,33031.63671875,66.97390747070312,66.97394561767578,1915.8577880859375,3831.611572265625,1915.844970703125,3831.5859375,288.46160888671875,59.0229377746582,1.6094725197035586e-06,0.0,0.0,2582.677978515625,1290.1259765625,0.0,34.86397933959961,2906.63720703125,11.836812973022461,11.836857795715332,971.0772094726562,1942.0587158203125,49.99989700317383,49.9998893737793,100.0,0.0,0.0,344.9919738769531,0.0,7.924896240234375,17.18410873413086,17.18499183654785,0.0,1.034000039100647,0.9067617654800415,50.0,0.09999999403953552,2.2907917499542236,0.0,0.0,0.0,0.0,0.1928102480773201,0.0,0.0,-0.0,0.002991035580635071,-0.0029914705082774162,0.0,-4.3481122702360153e-07,100.40201568603516,100.4019775390625,790.7993774414062,790.7993774414062,790.7993774414062,550.3868408203125,0.0,0.0,34.86397933959961,0.0010999999940395355,0.02200000174343586,0.03299999609589577,78.25286865234375,5655.8173828125,114276.53125,0.02126905508339405,0.0,3.1392715754918754e-05,4241.3310546875,0.0,0.231320321559906,0.0191325880587101,0.0,0.0,34.8390007019043,0.0,0.0,1600.0,0.0,50.0,0.0,0.0,0.0,50.0,50.0,200.0,1.0,1.0,1.0000001192092896,0.0
3190.0,155.49932861328125,309.9742736816406,327.807861328125,327.8069763183594,292.1408386230469,292.1416931152344,16515.818359375,33031.63671875,66.97390747070312,66.97394561767578,1915.8577880859375,3831.611572265625,1915.844970703125,3831.5859375,288.4616394042969,59.02297592163086,-3.1035419851832557e-06,0.0,0.0,2582.677978515625,1290.1259765625,0.0,34.86384582519531,2906.63720703125,11.836812973022461,11.836857795715332,971.0772094726562,1942.0587158203125,49.99989700317383,49.9998893737793,100.0,0.0,0.0,344.9919738769531,0.0,7.924896240234375,17.18410873413086,17.18499183654785,0.0,1.034000039100647,0.9067617654800415,50.0,0.09999999403953552,2.2907917499542236,0.0,0.0,0.0,0.0,0.1928102480773201,0.0,0.0,-0.0,0.002991035580635071,-0.0029914705082774162,0.0,-4.3481122702360153e-07,100.40201568603516,100.4019775390625,790.7993774414062,790.7993774414062,790.7993774414062,550.3868408203125,0.0,0.0,34.86384582519531,0.0010999999940395355,0.02200000174343586,0.03299999609589577,78.25286865234375,5655.8173828125,114276.53125,0.02126905508339405,0.0,3.1392715754918754e-05,4254.6708984375,0.0,0.231320321559906,0.0191325880587101,0.0,0.0,34.8390007019043,0.0,0.0,1600.0,0.0,50.0,0.0,0.0,0.0,50.0,50.0,200.0,1.0,1.0,1.0000001192092896,0.0
3200.0,155.49932861328125,309.9742736816406,327.807861328125,327.8069763183594,292.1408386230469,292.1416931152344,16515.818359375,33031.63671875,66.97390747070312,66.97394561767578,1915.8577880859375,3831.611572265625,1915.844970703125,3831.5859375,288.4616394042969,59.02301788330078,3.190708866895875e-06,0.0,0.0,2582.677978515625,1290.1259765625,0.0,34.86370849609375,2906.63720703125,11.836812973022461,11.836857795715332,971.0772094726562,1942.0587158203125,49.99989700317383,49.9998893737793,100.0,0.0,0.0,344.9919738769531,0.0,7.924896240234375,17.18410873413086,17.18499183654785,0.0,1.034000039100647,0.9067617654800415,50.0,0.09999999403953552,2.2907917499542236,0.0,0.0,0.0,0.0,0.1928102480773201,0.0,0.0,-0.0,0.002991035580635071,-0.0029914705082774162,0.0,-4.3481122702360153e-07,100.40201568603516,100.4019775390625,790.7993774414062,790.7993774414062,790.7993774414062,550.3868408203125,0.0,0.0,34.86370849609375,0.0010999999940395355,0.02200000174343586,0.03299999609589577,78.25286865234375,5655.8173828125,114276.53125,0.02126905508339405,0.0,3.1392715754918754e-05,4268.0107421875,0.0,0.231320321559906,0.0191325880587101,0.0,0.0,34.8390007019043,0.0,0.0,1600.0,0.0,50.0,0.0,0.0,0.0,50.0,50.0,200.0,1.0,1.0,1.0000001192092896,0.0
3210.0,155.49932861328125,309.9742736816406,327.807861328125,327.8069763183594,292.1408386230469,292.1416931152344,16515.818359375,33031.63671875,66.97390747070312,66.97394561767578,1915.8577880859375,3831.611572265625,1915.844970703125,3831.5859375,288.461669921875,59.02305221557617,-2.0945103642588947e-06,0.0,0.0,2582.677978515625,1290.1259765625,0.0,34.86221694946289,2906.63720703125,11.836812973022461,11.836857795715332,971.0772094726562,1942.0587158203125,49.99989700317383,49.9998893737793,100.0,0.0,0.0,344.9919738769531,0.0,7.924896240234375,17.18410873413086,17.18499183654785,0.0,1.034000039100647,0.9067617654800415,50.0,0.09999999403953552,2.2907917499542236,0.0,0.0,0.0,0.0,0.1928102480773201,0.0,0.0,-0.0,0.002991035580635071,-0.0029914705082774162,0.0,-4.3481122702360153e-07,100.40201568603516,100.4019775390625,790.7993774414062,790.7993774414062,790.7993774414062,550.3868408203125,0.0,0.0,34.86221694946289,0.0010999999940395355,0.02200000174343586,0.03299999609589577,78.25286865234375,5655.8173828125,114276.53125,0.02126905508339405,0.0,3.1392715754918754e-05,4281.3505859375,0.0,0.231320321559906,0.0191325880587101,0.0,0.0,34.8390007019043,0.0,0.0,1600.0,0.0,50.0,0.0,0.0,0.0,50.0,50.0,200.0,1.0,1.0,1.0000001192092896,0.0
3220.0,155.49932861328125,309.9742736816406,327.807861328125,327.8069763183594,292.1408386230469,292.1416931152344,16515.818359375,33031.63671875,66.97390747070312,66.97394561767578,1915.8577880859375,3831.611572265625,1915.844970703125,3831.5859375,288.461669921875,59.02308654785156,3.0553310352843255e-06,0.0,0.0,2582.677978515625,1290.1259765625,0.0,34.86342239379883,2906.63720703125,11.836812973022461,11.836857795715332,971.0772094726562,1942.0587158203125,49.99989700317383,49.9998893737793,100.0,0.0,0.0,344.9919738769531,0.0,7.924896240234375,17.18410873413086,17.18499183654785,0.0,1.034000039100647,0.9067617654800415,50.0,0.09999999403953552,2.2907917499542236,0.0,0.0,0.0,0.0,0.1928102480773201,0.0,0.0,-0.0,0.002991035580635071,-0.0029914705082774162,0.0,-4.3481122702360153e-07,100.40201568603516,100.4019775390625,790.7993774414062,790.7993774414062,790.7993774414062,550.3868408203125,0.0,0.0,34.86342239379883,0.0010999999940395355,0.02200000174343586,0.03299999609589577,78.25286865234375,5655.8173828125,114276.53125,0.02126905508339405,0.0,3.1392715754918754e-05,4294.6904296875,0.0,0.231320321559906,0.0191325880587101,0.0,0.0,34.8390007019043,0.0,0.0,1600.0,0.0,50.0,0.0,0.0,0.0,50.0,50.0,200.0,1.0,1.0,1.0000001192092896,0.0
3230.0,155.49932861328125,309.9742736816406,327.807861328125,327.8069763183594,292.1408386230469,292.1416931152344,16515.818359375,33031.63671875,66.97390747070312,66.97394561767578,1915.8577880859375,3831.611572265625,1915.844970703125,3831.5859375,288.4617004394531,59.02312469482422,-1.657683469602489e-06,0.0,0.0,2582.677978515625,1290.1259765625,0.0,34.863285064697266,2906.63720703125,11.836812973022461,11.836857795715332,971.0772094726562,1942.0587158203125,49.99989700317383,49.9998893737793,100.0,0.0,0.0,344.9919738769531,0.0,7.924896240234375,17.18410873413086,17.18499183654785,0.0,1.034000039100647,0.9067617654800415,50.0,0.09999999403953552,2.2907917499542236,0.0,0.0,0.0,0.0,0.1928102480773201,0.0,0.0,-0.0,0.002991035580635071,-0.0029914705082774162,0.0,-4.3481122702360153e-07,100.40201568603516,100.4019775390625,790.7993774414062,790.7993774414062,790.7993774414062,550.3868408203125,0.0,0.0,34.863285064697266,0.0010999999940395355,0.02200000174343586,0.03299999609589577,78.25286865234375,5655.8173828125,114276.53125,0.02126905508339405,0.0,3.1392715754918754e-05,4308.0302734375,0.0,0.231320321559906,0.0191325880587101,0.0,0.0,34.8390007019043,0.0,0.0,1600.0,0.0,50.0,0.0,0.0,0.0,50.0,50.0,200.0,1.0,1.0,1.0000001192092896,0.0
3240.0,155.49932861328125,309.9742736816406,327.807861328125,327.8069763183594,292.1408386230469,292.1416931152344,16515.818359375,33031.63671875,66.97390747070312,66.97394561767578,1915.8577880859375,3831.611572265625,1915.844970703125,3831.5859375,288.4617004394531,59.02316665649414,4.636567609850317e-06,0.0,0.0,2582.677978515625,1290.1259765625,0.0,34.86315155029297,2906.63720703125,11.836812973022461,11.836857795715332,971.0772094726562,1942.0587158203125,49.99989700317383,49.9998893737793,100.0,0.0,0.0,344.9919738769531,0.0,7.924896240234375,17.18410873413086,17.18499183654785,0.0,1.034000039100647,0.9067617654800415,50.0,0.09999999403953552,2.2907917499542236,0.0,0.0,0.0,0.0,0.1928102480773201,0.0,0.0,-0.0,0.002991035580635071,-0.0029914705082774162,0.0,-4.3481122702360153e-07,100.40201568603516,100.4019775390625,790.7993774414062,790.7993774414062,790.7993774414062,550.3868408203125,0.0,0.0,34.86315155029297,0.0010999999940395355,0.02200000174343586,0.03299999609589577,78.25286865234375,5655.8173828125,114276.53125,0.02126905508339405,0.0,3.1392715754918754e-05,4321.3701171875,0.0,0.231320321559906,0.0191325880587101,0.0,0.0,34.8390007019043,0.0,0.0,1600.0,0.0,50.0,0.0,0.0,0.0,50.0,50.0,200.0,1.0,1.0,1.0000001192092896,0.0
3250.0,155.49932861328125,309.9742736816406,327.807861328125,327.8069763183594,292.1408386230469,292.1416931152344,16515.818359375,33031.63671875,66.97390747070312,66.97394561767578,1915.8577880859375,3831.611572265625,1915.844970703125,3831.5859375,288.46173095703125,59.02320098876953,-6.486519055215467e-07,0.0,0.0,2582.677978515625,1290.1259765625,0.0,34.862998962402344,2906.63720703125,11.836812973022461,11.836857795715332,971.0772094726562,1942.0587158203125,49.99989700317383,49.9998893737793,100.0,0.0,0.0,344.9919738769531,0.0,7.924896240234375,17.18410873413086,17.18499183654785,0.0,1.034000039100647,0.9067617654800415,50.0,0.09999999403953552,2.2907917499542236,0.0,0.0,0.0,0.0,0.1928102480773201,0.0,0.0,-0.0,0.002991035580635071,-0.0029914705082774162,0.0,-4.3481122702360153e-07,100.40201568603516,100.4019775390625,790.7993774414062,790.7993774414062,790.7993774414062,550.3868408203125,0.0,0.0,34.862998962402344,0.0010999999940395355,0.02200000174343586,0.03299999609589577,78.25286865234375,5655.8173828125,114276.53125,0.02126905508339405,0.0,3.1392715754918754e-05,4334.7099609375,0.0,0.231320321559906,0.0191325880587101,0.0,0.0,34.8390007019043,0.0,0.0,1600.0,0.0,50.0,0.0,0.0,0.0,50.0,50.0,200.0,1.0,1.0,1.0000001192092896,0.0
3260.0,155.49932861328125,309.9742736816406,327.807861328125,327.8069763183594,292.1408386230469,292.1416931152344,16515.818359375,33031.63671875,66.97390747070312,66.97394561767578,1915.8577880859375,3831.611572265625,1915.844970703125,3831.5859375,288.4617614746094,59.02324295043945,-4.7894618546706624e-06,0.0,0.0,2582.677978515625,1290.1259765625,0.0,34.86286163330078,2906.63720703125,11.836812973022461,11.836857795715332,971.0772094726562,1942.0587158203125,49.99989700317383,49.9998893737793,100.0,0.0,0.0,344.9919738769531,0.0,7.924896240234375,17.18410873413086,17.18499183654785,0.0,1.034000039100647,0.9067617654800415,50.0,0.09999999403953552,2.2907917499542236,0.0,0.0,0.0,0.0,0.1928102480773201,0.0,0.0,-0.0,0.002991035580635071,-0.0029914705082774162,0.0,-4.3481122702360153e-07,100.40201568603516,100.4019775390625,790.7993774414062,790.7993774414062,790.7993774414062,550.3868408203125,0.0,0.0,34.86286163330078,0.0010999999940395355,0.02200000174343586,0.03299999609589577,78.25286865234375,5655.8173828125,114276.53125,0.02126905508339405,0.0,3.1392715754918754e-05,4348.0498046875,0.0,0.231320321559906,0.0191325880587101,0.0,0.0,34.8390007019043,0.0,0.0,1600.0,0.0,50.0,0.0,0.0,0.0,50.0,50.0,200.0,1.0,1.0,1.0000001192092896,0.0
3270.0,155.49932861328125,309.9742736816406,327.807861328125,327.8069763183594,292.1408386230469,292.1416931152344,16515.818359375,33031.63671875,66.97390747070312,66.97394561767578,1915.8577880859375,3831.611572265625,1915.844970703125,3831.5859375,288.4617614746094,59.023277282714844,3.603796869811049e-07,0.0,0.0,2582.677978515625,1290.1259765625,0.0,34.861366271972656,2906.63720703125,11.836812973022461,11.836857795715332,971.0772094726562,1942.0587158203125,49.99989700317383,49.9998893737793,100.0,0.0,0.0,344.9919738769531,0.0,7.924896240234375,17.18410873413086,17.18499183654785,0.0,1.034000039100647,0.9067617654800415,50.0,0.09999999403953552,2.2907917499542236,0.0,0.0,0.0,0.0,0.1928102480773201,0.0,0.0,-0.0,0.002991035580635071,-0.0029914705082774162,0.0,-4.3481122702360153e-07,100.40201568603516,100.4019775390625,790.7993774414062,790.7993774414062,790.7993774414062,550.3868408203125,0.0,0.0,34.861366271972656,0.0010999999940395355,0.02200000174343586,0.03299999609589577,78.25286865234375,5655.8173828125,114276.53125,0.02126905508339405,0.0,3.1392715754918754e-05,4361.3896484375,0.0,0.231320321559906,0.0191325880587101,0.0,0.0,34.8390007019043,0.0,0.0,1600.0,0.0,50.0,0.0,0.0,0.0,50.0,50.0,200.0,1.0,1.0,1.0000001192092896,0.0
3280.0,155.49932861328125,309.9742736816406,327.807861328125,327.8069763183594,292.1408386230469,292.1416931152344,16515.818359375,33031.63671875,66.97390747070312,66.97394561767578,1915.8577880859375,3831.611572265625,1915.844970703125,3831.5859375,288.4617919921875,59.0233154296875,-4.352634732640581e-06,0.0,0.0,2582.677978515625,1290.1259765625,0.0,34.862571716308594,2906.63720703125,11.836812973022461,11.836857795715332,971.0772094726562,1942.0587158203125,49.99989700317383,49.9998893737793,100.0,0.0,0.0,344.9919738769531,0.0,7.924896240234375,17.18410873413086,17.18499183654785,0.0,1.034000039100647,0.9067617654800415,50.0,0.09999999403953552,2.2907917499542236,0.0,0.0,0.0,0.0,0.1928102480773201,0.0,0.0,-0.0,0.002991035580635071,-0.0029914705082774162,0.0,-4.3481122702360153e-07,100.40201568603516,100.4019775390625,790.7993774414062,790.7993774414062,790.7993774414062,550.3868408203125,0.0,0.0,34.862571716308594,0.0010999999940395355,0.02200000174343586,0.03299999609589577,78.25286865234375,5655.8173828125,114276.53125,0.02126905508339405,0.0,3.1392715754918754e-05,4374.7294921875,0.0,0.231320321559906,0.0191325880587101,0.0,0.0,34.8390007019043,0.0,0.0,1600.0,0.0,50.0,0.0,0.0,0.0,50.0,50.0,200.0,1.0,1.0,1.0000001192092896,0.0
3290.0,155.49932861328125,309.9742736816406,327.807861328125,327.8069763183594,292.1408386230469,292.1416931152344,16515.818359375,33031.63671875,66.97390747070312,66.97394561767578,1915.8577880859375,3831.611572265625,1915.844970703125,3831.5859375,288.4617919921875,59.02334976196289,7.97206666902639e-07,0.0,0.0,2582.677978515625,1290.1259765625,0.0,34.8624382019043,2906.63720703125,11.836812973022461,11.836857795715332,971.0772094726562,1942.0587158203125,49.99989700317383,49.9998893737793,100.0,0.0,0.0,344.9919738769531,0.0,7.924896240234375,17.18410873413086,17.18499183654785,0.0,1.034000039100647,0.9067617654800415,50.0,0.09999999403953552,2.2907917499542236,0.0,0.0,0.0,0.0,0.1928102480773201,0.0,0.0,-0.0,0.002991035580635071,-0.0029914705082774162,0.0,-4.3481122702360153e-07,100.40201568603516,100.4019775390625,790.7993774414062,790.7993774414062,790.7993774414062,550.3868408203125,0.0,0.0,34.8624382019043,0.0010999999940395355,0.02200000174343586,0.03299999609589577,78.25286865234375,5655.8173828125,114276.53125,0.02126905508339405,0.0,3.1392715754918754e-05,4388.0693359375,0.0,0.231320321559906,0.0191325880587101,0.0,0.0,34.8390007019043,0.0,0.0,1600.0,0.0,50.0,0.0,0.0,0.0,50.0,50.0,200.0,1.0,1.0,1.0000001192092896,0.0
3300.0,155.49932861328125,309.9742736816406,327.807861328125,327.8069763183594,292.1408386230469,292.1416931152344,16515.818359375,33031.63671875,66.97390747070312,66.97394561767578,1915.8577880859375,3831.611572265625,1915.844970703125,3831.5859375,288.4617919921875,59.02339172363281,-3.3436033390898956e-06,0.0,0.0,2582.677978515625,1290.1259765625,0.0,34.862300872802734,2906.63720703125,11.836812973022461,11.836857795715332,971.0772094726562,1942.0587158203125,49.99989700317383,49.9998893737793,100.0,0.0,0.0,344.9919738769531,0.0,7.924896240234375,17.18410873413086,17.18499183654785,0.0,1.034000039100647,0.9067617654800415,50.0,0.09999999403953552,2.2907917499542236,0.0,0.0,0.0,0.0,0.1928102480773201,0.0,0.0,-0.0,0.002991035580635071,-0.0029914705082774162,0.0,-4.3481122702360153e-07,100.40201568603516,100.4019775390625,790.7993774414062,790.7993774414062,790.7993774414062,550.3868408203125,0.0,0.0,34.862300872802734,0.0010999999940395355,0.02200000174343586,0.03299999609589577,78.25286865234375,5655.8173828125,114276.53125,0.02126905508339405,0.0,3.1392715754918754e-05,4401.4091796875,0.0,0.231320321559906,0.0191325880587101,0.0,0.0,34.8390007019043,0.0,0.0,1600.0,0.0,50.0,0.0,0.0,0.0,50.0,50.0,200.0,1.0,1.0,1.0000001192092896,0.0
3310.0,155.49932861328125,309.9742736816406,327.807861328125,327.8069763183594,292.1408386230469,292.1416931152344,16515.818359375,33031.63671875,66.97390747070312,66.97394561767578,1915.8577880859375,3831.611572265625,1915.844970703125,3831.5859375,288.4617919921875,59.02342987060547,2.37844278672128e-06,0.0,0.0,2582.677978515625,1290.1259765625,0.0,34.86080551147461,2906.63720703125,11.836812973022461,11.836857795715332,971.0772094726562,1942.0587158203125,49.99989700317383,49.9998893737793,100.0,0.0,0.0,344.9919738769531,0.0,7.924896240234375,17.18410873413086,17.18499183654785,0.0,1.034000039100647,0.9067617654800415,50.0,0.09999999403953552,2.2907917499542236,0.0,0.0,0.0,0.0,0.1928102480773201,0.0,0.0,-0.0,0.002991035580635071,-0.0029914705082774162,0.0,-4.3481122702360153e-07,100.40201568603516,100.4019775390625,790.7993774414062,790.7993774414062,790.7993774414062,550.3868408203125,0.0,0.0,34.86080551147461,0.0010999999940395355,0.02200000174343586,0.03299999609589577,78.25286865234375,5655.8173828125,114276.53125,0.02126905508339405,0.0,3.1392715754918754e-05,4414.7490234375,0.0,0.231320321559906,0.0191325880587101,0.0,0.0,34.8390007019043,0.0,0.0,1600.0,0.0,50.0,0.0,0.0,0.0,50.0,50.0,200.0,1.0,1.0,1.0000001192092896,0.0
3320.0,155.49932861328125,309.9742736816406,327.807861328125,327.8069763183594,292.1408386230469,292.1416931152344,16515.818359375,33031.63671875,66.97390747070312,66.97394561767578,1915.8577880859375,3831.611572265625,1915.844970703125,3831.5859375,288.4618225097656,59.02346420288086,-2.90677644443349e-06,0.0,0.0,2582.677978515625,1290.1259765625,0.0,34.86201477050781,2906.63720703125,11.836812973022461,11.836857795715332,971.0772094726562,1942.0587158203125,49.99989700317383,49.9998893737793,100.0,0.0,0.0,344.9919738769531,0.0,7.924896240234375,17.18410873413086,17.18499183654785,0.0,1.034000039100647,0.9067617654800415,50.0,0.09999999403953552,2.2907917499542236,0.0,0.0,0.0,0.0,0.1928102480773201,0.0,0.0,-0.0,0.002991035580635071,-0.0029914705082774162,0.0,-4.3481122702360153e-07,100.40201568603516,100.4019775390625,790.7993774414062,790.7993774414062,790.7993774414062,550.3868408203125,0.0,0.0,34.86201477050781,0.0010999999940395355,0.02200000174343586,0.03299999609589577,78.25286865234375,5655.8173828125,114276.53125,0.02126905508339405,0.0,3.1392715754918754e-05,4428.0888671875,0.0,0.231320321559906,0.0191325880587101,0.0,0.0,34.8390007019043,0.0,0.0,1600.0,0.0,50.0,0.0,0.0,0.0,50.0,50.0,200.0,1.0,1.0,1.0000001192092896,0.0
3330.0,155.49932861328125,309.9742736816406,327.807861328125,327.8069763183594,292.1408386230469,292.1416931152344,16515.818359375,33031.63671875,66.97390747070312,66.97394561767578,1915.8577880859375,3831.611572265625,1915.844970703125,3831.5859375,288.4618225097656,59.02350616455078,3.387474407645641e-06,0.0,0.0,2582.677978515625,1290.1259765625,0.0,34.86187744140625,2906.63720703125,11.836812973022461,11.836857795715332,971.0772094726562,1942.0587158203125,49.99989700317383,49.9998893737793,100.0,0.0,0.0,344.9919738769531,0.0,7.924896240234375,17.18410873413086,17.18499183654785,0.0,1.034000039100647,0.9067617654800415,50.0,0.09999999403953552,2.2907917499542236,0.0,0.0,0.0,0.0,0.1928102480773201,0.0,0.0,-0.0,0.002991035580635071,-0.0029914705082774162,0.0,-4.3481122702360153e-07,100.40201568603516,100.4019775390625,790.7993774414062,790.7993774414062,790.7993774414062,550.3868408203125,0.0,0.0,34.86187744140625,0.0010999999940395355,0.02200000174343586,0.03299999609589577,78.25286865234375,5655.8173828125,114276.53125,0.02126905508339405,0.0,3.1392715754918754e-05,4441.4287109375,0.0,0.231320321559906,0.0191325880587101,0.0,0.0,34.8390007019043,0.0,0.0,1600.0,0.0,50.0,0.0,0.0,0.0,50.0,50.0,200.0,1.0,1.0,1.0000001192092896,0.0
3340.0,155.49932861328125,309.9742736816406,327.807861328125,327.8069763183594,292.1408386230469,292.1416931152344,16515.818359375,33031.63671875,66.97390747070312,66.97394561767578,1915.8577880859375,3831.611572265625,1915.844970703125,3831.5859375,288.46185302734375,59.02354049682617,-1.897744709822291e-06,0.0,0.0,2582.677978515625,1290.1259765625,0.0,34.86174392700195,2906.63720703125,11.836812973022461,11.836857795715332,971.0772094726562,1942.0587158203125,49.99989700317383,49.9998893737793,100.0,0.0,0.0,344.9919738769531,0.0,7.924896240234375,17.18410873413086,17.18499183654785,0.0,1.034000039100647,0.9067617654800415,50.0,0.09999999403953552,2.2907917499542236,0.0,0.0,0.0,0.0,0.1928102480773201,0.0,0.0,-0.0,0.002991035580635071,-0.0029914705082774162,0.0,-4.3481122702360153e-07,100.40201568603516,100.4019775390625,790.7993774414062,790.7993774414062,790.7993774414062,550.3868408203125,0.0,0.0,34.86174392700195,0.0010999999940395355,0.02200000174343586,0.03299999609589577,78.25286865234375,5655.8173828125,114276.53125,0.02126905508339405,0.0,3.1392715754918754e-05,4454.7685546875,0.0,0.231320321559906,0.0191325880587101,0.0,0.0,34.8390007019043,0.0,0.0,1600.0,0.0,50.0,0.0,0.0,0.0,50.0,50.0,200.0,1.0,1.0,1.0000001192092896,0.0
3350.0,155.49932861328125,309.9742736816406,327.807861328125,327.8069763183594,292.1408386230469,292.1416931152344,16515.818359375,33031.63671875,66.97390747070312,66.97394561767578,1915.8577880859375,3831.611572265625,1915.844970703125,3831.5859375,288.46185302734375,59.02357864379883,3.824301074928371e-06,0.0,0.0,2582.677978515625,1290.1259765625,0.0,34.86024856567383,2906.63720703125,11.836812973022461,11.836857795715332,971.0772094726562,1942.0587158203125,49.99989700317383,49.9998893737793,100.0,0.0,0.0,344.9919738769531,0.0,7.924896240234375,17.18410873413086,17.18499183654785,0.0,1.034000039100647,0.9067617654800415,50.0,0.09999999403953552,2.2907917499542236,0.0,0.0,0.0,0.0,0.1928102480773201,0.0,0.0,-0.0,0.002991035580635071,-0.0029914705082774162,0.0,-4.3481122702360153e-07,100.40201568603516,100.4019775390625,790.7993774414062,790.7993774414062,790.7993774414062,550.3868408203125,0.0,0.0,34.86024856567383,0.0010999999940395355,0.02200000174343586,0.03299999609589577,78.25286865234375,5655.8173828125,114276.53125,0.02126905508339405,0.0,3.1392715754918754e-05,4468.1083984375,0.0,0.231320321559906,0.0191325880587101,0.0,0.0,34.8390007019043,0.0,0.0,1600.0,0.0,50.0,0.0,0.0,0.0,50.0,50.0,200.0,1.0,1.0,1.0000001192092896,0.0
3360.0,155.49932861328125,309.9742736816406,327.807861328125,327.8069763183594,292.1408386230469,292.1416931152344,16515.818359375,33031.63671875,66.97390747070312,66.97394561767578,1915.8577880859375,3831.611572265625,1915.844970703125,3831.5859375,288.4618835449219,59.02361297607422,-1.460917928852723e-06,0.0,0.0,2582.677978515625,1290.1259765625,0.0,34.861454010009766,2906.63720703125,11.836812973022461,11.836857795715332,971.0772094726562,1942.0587158203125,49.99989700317383,49.9998893737793,100.0,0.0,0.0,344.9919738769531,0.0,7.924896240234375,17.18410873413086,17.18499183654785,0.0,1.034000039100647,0.9067617654800415,50.0,0.09999999403953552,2.2907917499542236,0.0,0.0,0.0,0.0,0.1928102480773201,0.0,0.0,-0.0,0.002991035580635071,-0.0029914705082774162,0.0,-4.3481122702360153e-07,100.40201568603516,100.4019775390625,790.7993774414062,790.7993774414062,790.7993774414062,550.3868408203125,0.0,0.0,34.861454010009766,0.0010999999940395355,0.02200000174343586,0.03299999609589577,78.25286865234375,5655.8173828125,114276.53125,0.02126905508339405,0.0,3.1392715754918754e-05,4481.4482421875,0.0,0.231320321559906,0.0191325880587101,0.0,0.0,34.8390007019043,0.0,0.0,1600.0,0.0,50.0,0.0,0.0,0.0,50.0,50.0,200.0,1.0,1.0,1.0000001192092896,0.0
3370.0,155.49932861328125,309.9742736816406,327.807861328125,327.8069763183594,292.1408386230469,292.1416931152344,16515.818359375,33031.63671875,66.97390747070312,66.97394561767578,1915.8577880859375,3831.611572265625,1915.844970703125,3831.5859375,288.4618835449219,59.02365493774414,4.833333150600083e-06,0.0,0.0,2582.677978515625,1290.1259765625,0.0,34.86132049560547,2906.63720703125,11.836812973022461,11.836857795715332,971.0772094726562,1942.0587158203125,49.99989700317383,49.9998893737793,100.0,0.0,0.0,344.9919738769531,0.0,7.924896240234375,17.18410873413086,17.18499183654785,0.0,1.034000039100647,0.9067617654800415,50.0,0.09999999403953552,2.2907917499542236,0.0,0.0,0.0,0.0,0.1928102480773201,0.0,0.0,-0.0,0.002991035580635071,-0.0029914705082774162,0.0,-4.3481122702360153e-07,100.40201568603516,100.4019775390625,790.7993774414062,790.7993774414062,790.7993774414062,550.3868408203125,0.0,0.0,34.86132049560547,0.0010999999940395355,0.02200000174343586,0.03299999609589577,78.25286865234375,5655.8173828125,114276.53125,0.02126905508339405,0.0,3.1392715754918754e-05,4494.7880859375,0.0,0.231320321559906,0.0191325880587101,0.0,0.0,34.8390007019043,0.0,0.0,1600.0,0.0,50.0,0.0,0.0,0.0,50.0,50.0,200.0,1.0,1.0,1.0000001192092896,0.0
3380.0,155.49932861328125,309.9742736816406,327.807861328125,327.8069763183594,292.1408386230469,292.1416931152344,16515.818359375,33031.63671875,66.97390747070312,66.97394561767578,1915.8577880859375,3831.611572265625,1915.844970703125,3831.5859375,288.4619140625,59.02368927001953,-4.5188625108494307e-07,0.0,0.0,2582.677978515625,1290.1259765625,0.0,34.859825134277344,2906.63720703125,11.836812973022461,11.836857795715332,971.0772094726562,1942.0587158203125,49.99989700317383,49.9998893737793,100.0,0.0,0.0,344.9919738769531,0.0,7.924896240234375,17.18410873413086,17.18499183654785,0.0,1.034000039100647,0.9067617654800415,50.0,0.09999999403953552,2.2907917499542236,0.0,0.0,0.0,0.0,0.1928102480773201,0.0,0.0,-0.0,0.002991035580635071,-0.0029914705082774162,0.0,-4.3481122702360153e-07,100.40201568603516,100.4019775390625,790.7993774414062,790.7993774414062,790.7993774414062,550.3868408203125,0.0,0.0,34.859825134277344,0.0010999999940395355,0.02200000174343586,0.03299999609589577,78.25286865234375,5655.8173828125,114276.53125,0.02126905508339405,0.0,3.1392715754918754e-05,4508.1279296875,0.0,0.231320321559906,0.0191325880587101,0.0,0.0,34.8390007019043,0.0,0.0,1600.0,0.0,50.0,0.0,0.0,0.0,50.0,50.0,200.0,1.0,1.0,1.0000001192092896,0.0
3390.0,155.49932861328125,309.9742736816406,327.807861328125,327.8069763183594,292.1408386230469,292.1416931152344,16515.818359375,33031.63671875,66.97390747070312,66.97394561767578,1915.8577880859375,3831.611572265625,1915.844970703125,3831.5859375,288.4619445800781,59.02373123168945,-4.5926963139208965e-06,0.0,0.0,2582.677978515625,1290.1259765625,0.0,34.86103057861328,2906.63720703125,11.836812973022461,11.836857795715332,971.0772094726562,1942.0587158203125,49.99989700317383,49.9998893737793,100.0,0.0,0.0,344.9919738769531,0.0,7.924896240234375,17.18410873413086,17.18499183654785,0.0,1.034000039100647,0.9067617654800415,50.0,0.09999999403953552,2.2907917499542236,0.0,0.0,0.0,0.0,0.1928102480773201,0.0,0.0,-0.0,0.002991035580635071,-0.0029914705082774162,0.0,-4.3481122702360153e-07,100.40201568603516,100.4019775390625,790.7993774414062,790.7993774414062,790.7993774414062,550.3868408203125,0.0,0.0,34.86103057861328,0.0010999999940395355,0.02200000174343586,0.03299999609589577,78.25286865234375,5655.8173828125,114276.53125,0.02126905508339405,0.0,3.1392715754918754e-05,4521.4677734375,0.0,0.231320321559906,0.0191325880587101,0.0,0.0,34.8390007019043,0.0,0.0,1600.0,0.0,50.0,0.0,0.0,0.0,50.0,50.0,200.0,1.0,1.0,1.0000001192092896,0.0
3400.0,155.49932861328125,309.9742736816406,327.807861328125,327.8069763183594,292.1408386230469,292.1416931152344,16515.818359375,33031.63671875,66.97390747070312,66.97394561767578,1915.8577880859375,3831.611572265625,1915.844970703125,3831.5859375,288.4619445800781,59.02376937866211,1.129349811890279e-06,0.0,0.0,2582.677978515625,1290.1259765625,0.0,34.860897064208984,2906.63720703125,11.836812973022461,11.836857795715332,971.0772094726562,1942.0587158203125,49.99989700317383,49.9998893737793,100.0,0.0,0.0,344.9919738769531,0.0,7.924896240234375,17.18410873413086,17.18499183654785,0.0,1.034000039100647,0.9067617654800415,50.0,0.09999999403953552,2.2907917499542236,0.0,0.0,0.0,0.0,0.1928102480773201,0.0,0.0,-0.0,0.002991035580635071,-0.0029914705082774162,0.0,-4.3481122702360153e-07,100.40201568603516,100.4019775390625,790.7993774414062,790.7993774414062,790.7993774414062,550.3868408203125,0.0,0.0,34.860897064208984,0.0010999999940395355,0.02200000174343586,0.03299999609589577,78.25286865234375,5655.8173828125,114276.53125,0.02126905508339405,0.0,3.1392715754918754e-05,4534.8076171875,0.0,0.231320321559906,0.0191325880587101,0.0,0.0,34.8390007019043,0.0,0.0,1600.0,0.0,50.0,0.0,0.0,0.0,50.0,50.0,200.0,1.0,1.0,1.0000001192092896,0.0
3410.0,155.49932861328125,309.9742736816406,327.807861328125,327.8069763183594,292.1408386230469,292.1416931152344,16515.818359375,33031.63671875,66.97390747070312,66.97394561767578,1915.8577880859375,3831.611572265625,1915.844970703125,3831.5859375,288.46197509765625,59.0238037109375,-4.155869191890815e-06,0.0,0.0,2582.677978515625,1290.1259765625,0.0,34.859397888183594,2906.63720703125,11.836812973022461,11.836857795715332,971.0772094726562,1942.0587158203125,49.99989700317383,49.9998893737793,100.0,0.0,0.0,344.9919738769531,0.0,7.924896240234375,17.18410873413086,17.18499183654785,0.0,1.034000039100647,0.9067617654800415,50.0,0.09999999403953552,2.2907917499542236,0.0,0.0,0.0,0.0,0.1928102480773201,0.0,0.0,-0.0,0.002991035580635071,-0.0029914705082774162,0.0,-4.3481122702360153e-07,100.40201568603516,100.4019775390625,790.7993774414062,790.7993774414062,790.7993774414062,550.3868408203125,0.0,0.0,34.859397888183594,0.0010999999940395355,0.02200000174343586,0.03299999609589577,78.25286865234375,5655.8173828125,114276.53125,0.02126905508339405,0.0,3.1392715754918754e-05,4548.1474609375,0.0,0.231320321559906,0.0191325880587101,0.0,0.0,34.8390007019043,0.0,0.0,1600.0,0.0,50.0,0.0,0.0,0.0,50.0,50.0,200.0,1.0,1.0,1.0000001192092896,0.0
3420.0,155.49932861328125,309.9742736816406,327.807861328125,327.8069763183594,292.1408386230469,292.1416931152344,16515.818359375,33031.63671875,66.97390747070312,66.97394561767578,1915.8577880859375,3831.611572265625,1915.844970703125,3831.5859375,288.46197509765625,59.02383804321289,9.93972207652405e-07,0.0,0.0,2582.677978515625,1290.1259765625,0.0,34.8606071472168,2906.63720703125,11.836812973022461,11.836857795715332,971.0772094726562,1942.0587158203125,49.99989700317383,49.9998893737793,100.0,0.0,0.0,344.9919738769531,0.0,7.924896240234375,17.18410873413086,17.18499183654785,0.0,1.034000039100647,0.9067617654800415,50.0,0.09999999403953552,2.2907917499542236,0.0,0.0,0.0,0.0,0.1928102480773201,0.0,0.0,-0.0,0.002991035580635071,-0.0029914705082774162,0.0,-4.3481122702360153e-07,100.40201568603516,100.4019775390625,790.7993774414062,790.7993774414062,790.7993774414062,550.3868408203125,0.0,0.0,34.8606071472168,0.0010999999940395355,0.02200000174343586,0.03299999609589577,78.25286865234375,5655.8173828125,114276.53125,0.02126905508339405,0.0,3.1392715754918754e-05,4561.4873046875,0.0,0.231320321559906,0.0191325880587101,0.0,0.0,34.8390007019043,0.0,0.0,1600.0,0.0,50.0,0.0,0.0,0.0,50.0,50.0,200.0,1.0,1.0,1.0000001192092896,0.0
3430.0,155.49932861328125,309.9742736816406,327.807861328125,327.8069763183594,292.1408386230469,292.1416931152344,16515.818359375,33031.63671875,66.97390747070312,66.97394561767578,1915.8577880859375,3831.611572265625,1915.844970703125,3831.5859375,288.4620056152344,59.02388000488281,-3.1468377983401297e-06,0.0,0.0,2582.677978515625,1290.1259765625,0.0,34.860469818115234,2906.63720703125,11.836812973022461,11.836857795715332,971.0772094726562,1942.0587158203125,49.99989700317383,49.9998893737793,100.0,0.0,0.0,344.9919738769531,0.0,7.924896240234375,17.18410873413086,17.18499183654785,0.0,1.034000039100647,0.9067617654800415,50.0,0.09999999403953552,2.2907917499542236,0.0,0.0,0.0,0.0,0.1928102480773201,0.0,0.0,-0.0,0.002991035580635071,-0.0029914705082774162,0.0,-4.3481122702360153e-07,100.40201568603516,100.4019775390625,790.7993774414062,790.7993774414062,790.7993774414062,550.3868408203125,0.0,0.0,34.860469818115234,0.0010999999940395355,0.02200000174343586,0.03299999609589577,78.25286865234375,5655.8173828125,114276.53125,0.02126905508339405,0.0,3.1392715754918754e-05,4574.8271484375,0.0,0.231320321559906,0.0191325880587101,0.0,0.0,34.8390007019043,0.0,0.0,1600.0,0.0,50.0,0.0,0.0,0.0,50.0,50.0,200.0,1.0,1.0,1.0000001192092896,0.0
3440.0,155.49932861328125,309.9742736816406,327.807861328125,327.8069763183594,292.1408386230469,292.1416931152344,16515.818359375,33031.63671875,66.97390747070312,66.97394561767578,1915.8577880859375,3831.611572265625,1915.844970703125,3831.5859375,288.4620056152344,59.02391815185547,2.5752083274710458e-06,0.0,0.0,2582.677978515625,1290.1259765625,0.0,34.85897445678711,2906.63720703125,11.836812973022461,11.836857795715332,971.0772094726562,1942.0587158203125,49.99989700317383,49.9998893737793,100.0,0.0,0.0,344.9919738769531,0.0,7.924896240234375,17.18410873413086,17.18499183654785,0.0,1.034000039100647,0.9067617654800415,50.0,0.09999999403953552,2.2907917499542236,0.0,0.0,0.0,0.0,0.1928102480773201,0.0,0.0,-0.0,0.002991035580635071,-0.0029914705082774162,0.0,-4.3481122702360153e-07,100.40201568603516,100.4019775390625,790.7993774414062,790.7993774414062,790.7993774414062,550.3868408203125,0.0,0.0,34.85897445678711,0.0010999999940395355,0.02200000174343586,0.03299999609589577,78.25286865234375,5655.8173828125,114276.53125,0.02126905508339405,0.0,3.1392715754918754e-05,4588.1669921875,0.0,0.231320321559906,0.0191325880587101,0.0,0.0,34.8390007019043,0.0,0.0,1600.0,0.0,50.0,0.0,0.0,0.0,50.0,50.0,200.0,1.0,1.0,1.0000001192092896,0.0
3450.0,155.49932861328125,309.9742736816406,327.807861328125,327.8069763183594,292.1408386230469,292.1416931152344,16515.818359375,33031.63671875,66.97390747070312,66.97394561767578,1915.8577880859375,3831.611572265625,1915.844970703125,3831.5859375,288.4620361328125,59.02395248413086,-2.7100106763100484e-06,0.0,0.0,2582.677978515625,1290.1259765625,0.0,34.85884094238281,2906.63720703125,11.836812973022461,11.836857795715332,971.0772094726562,1942.0587158203125,49.99989700317383,49.9998893737793,100.0,0.0,0.0,344.9919738769531,0.0,7.924896240234375,17.18410873413086,17.18499183654785,0.0,1.034000039100647,0.9067617654800415,50.0,0.09999999403953552,2.2907917499542236,0.0,0.0,0.0,0.0,0.1928102480773201,0.0,0.0,-0.0,0.002991035580635071,-0.0029914705082774162,0.0,-4.3481122702360153e-07,100.40201568603516,100.4019775390625,790.7993774414062,790.7993774414062,790.7993774414062,550.3868408203125,0.0,0.0,34.85884094238281,0.0010999999940395355,0.02200000174343586,0.03299999609589577,78.25286865234375,5655.8173828125,114276.53125,0.02126905508339405,0.0,3.1392715754918754e-05,4601.5068359375,0.0,0.231320321559906,0.0191325880587101,0.0,0.0,34.8390007019043,0.0,0.0,1600.0,0.0,50.0,0.0,0.0,0.0,50.0,50.0,200.0,1.0,1.0,1.0000001192092896,0.0
3460.0,155.49932861328125,309.9742736816406,327.807861328125,327.8069763183594,292.1408386230469,292.1416931152344,16515.818359375,33031.63671875,66.97390747070312,66.97394561767578,1915.8577880859375,3831.611572265625,1915.844970703125,3831.5859375,288.4620361328125,59.02398681640625,2.4398307232331717e-06,0.0,0.0,2582.677978515625,1290.1259765625,0.0,34.86004638671875,2906.63720703125,11.836812973022461,11.836857795715332,971.0772094726562,1942.0587158203125,49.99989700317383,49.9998893737793,100.0,0.0,0.0,344.9919738769531,0.0,7.924896240234375,17.18410873413086,17.18499183654785,0.0,1.034000039100647,0.9067617654800415,50.0,0.09999999403953552,2.2907917499542236,0.0,0.0,0.0,0.0,0.1928102480773201,0.0,0.0,-0.0,0.002991035580635071,-0.0029914705082774162,0.0,-4.3481122702360153e-07,100.40201568603516,100.4019775390625,790.7993774414062,790.7993774414062,790.7993774414062,550.3868408203125,0.0,0.0,34.86004638671875,0.0010999999940395355,0.02200000174343586,0.03299999609589577,78.25286865234375,5655.8173828125,114276.53125,0.02126905508339405,0.0,3.1392715754918754e-05,4614.8466796875,0.0,0.231320321559906,0.0191325880587101,0.0,0.0,34.8390007019043,0.0,0.0,1600.0,0.0,50.0,0.0,0.0,0.0,50.0,50.0,200.0,1.0,1.0,1.0000001192092896,0.0
3470.0,155.49932861328125,309.9742736816406,327.807861328125,327.8069763183594,292.1408386230469,292.1416931152344,16515.818359375,33031.63671875,66.97390747070312,66.97394561767578,1915.8577880859375,3831.611572265625,1915.844970703125,3831.5859375,288.4620666503906,59.02402877807617,-1.7009792827593628e-06,0.0,0.0,2582.677978515625,1290.1259765625,0.0,34.85991287231445,2906.63720703125,11.836812973022461,11.836857795715332,971.0772094726562,1942.0587158203125,49.99989700317383,49.9998893737793,100.0,0.0,0.0,344.9919738769531,0.0,7.924896240234375,17.18410873413086,17.18499183654785,0.0,1.034000039100647,0.9067617654800415,50.0,0.09999999403953552,2.2907917499542236,0.0,0.0,0.0,0.0,0.1928102480773201,0.0,0.0,-0.0,0.002991035580635071,-0.0029914705082774162,0.0,-4.3481122702360153e-07,100.40201568603516,100.4019775390625,790.7993774414062,790.7993774414062,790.7993774414062,550.3868408203125,0.0,0.0,34.85991287231445,0.0010999999940395355,0.02200000174343586,0.03299999609589577,78.25286865234375,5655.8173828125,114276.53125,0.02126905508339405,0.0,3.1392715754918754e-05,4628.1865234375,0.0,0.231320321559906,0.0191325880587101,0.0,0.0,34.8390007019043,0.0,0.0,1600.0,0.0,50.0,0.0,0.0,0.0,50.0,50.0,200.0,1.0,1.0,1.0000001192092896,0.0
3480.0,155.49932861328125,309.9742736816406,327.807861328125,327.8069763183594,292.1408386230469,292.1416931152344,16515.818359375,33031.63671875,66.97390747070312,66.97394561767578,1915.8577880859375,3831.611572265625,1915.844970703125,3831.5859375,288.4620666503906,59.02406692504883,4.021067070425488e-06,0.0,0.0,2582.677978515625,1290.1259765625,0.0,34.85841369628906,2906.63720703125,11.836812973022461,11.836857795715332,971.0772094726562,1942.0587158203125,49.99989700317383,49.9998893737793,100.0,0.0,0.0,344.9919738769531,0.0,7.924896240234375,17.18410873413086,17.18499183654785,0.0,1.034000039100647,0.9067617654800415,50.0,0.09999999403953552,2.2907917499542236,0.0,0.0,0.0,0.0,0.1928102480773201,0.0,0.0,-0.0,0.002991035580635071,-0.0029914705082774162,0.0,-4.3481122702360153e-07,100.40201568603516,100.4019775390625,790.7993774414062,790.7993774414062,790.7993774414062,550.3868408203125,0.0,0.0,34.85841369628906,0.0010999999940395355,0.02200000174343586,0.03299999609589577,78.25286865234375,5655.8173828125,114276.53125,0.02126905508339405,0.0,3.1392715754918754e-05,4641.5263671875,0.0,0.231320321559906,0.0191325880587101,0.0,0.0,34.8390007019043,0.0,0.0,1600.0,0.0,50.0,0.0,0.0,0.0,50.0,50.0,200.0,1.0,1.0,1.0000001192092896,0.0
3490.0,155.49932861328125,309.9742736816406,327.807861328125,327.8069763183594,292.1408386230469,292.1416931152344,16515.818359375,33031.63671875,66.97390747070312,66.97394561767578,1915.8577880859375,3831.611572265625,1915.844970703125,3831.5859375,288.46209716796875,59.02410125732422,-1.2641522744161193e-06,0.0,0.0,2582.677978515625,1290.1259765625,0.0,34.858280181884766,2906.63720703125,11.836812973022461,11.836857795715332,971.0772094726562,1942.0587158203125,49.99989700317383,49.9998893737793,100.0,0.0,0.0,344.9919738769531,0.0,7.924896240234375,17.18410873413086,17.18499183654785,0.0,1.034000039100647,0.9067617654800415,50.0,0.09999999403953552,2.2907917499542236,0.0,0.0,0.0,0.0,0.1928102480773201,0.0,0.0,-0.0,0.002991035580635071,-0.0029914705082774162,0.0,-4.3481122702360153e-07,100.40201568603516,100.4019775390625,790.7993774414062,790.7993774414062,790.7993774414062,550.3868408203125,0.0,0.0,34.858280181884766,0.0010999999940395355,0.02200000174343586,0.03299999609589577,78.25286865234375,5655.8173828125,114276.53125,0.02126905508339405,0.0,3.1392715754918754e-05,4654.8662109375,0.0,0.231320321559906,0.0191325880587101,0.0,0.0,34.8390007019043,0.0,0.0,1600.0,0.0,50.0,0.0,0.0,0.0,50.0,50.0,200.0,1.0,1.0,1.0000001192092896,0.0
3500.0,155.49932861328125,309.9742736816406,327.807861328125,327.8069763183594,292.1408386230469,292.1416931152344,16515.818359375,33031.63671875,66.97390747070312,66.97394561767578,1915.8577880859375,3831.611572265625,1915.844970703125,3831.5859375,288.46209716796875,59.02413558959961,3.8856892388139386e-06,0.0,0.0,2582.677978515625,1290.1259765625,0.0,34.85948944091797,2906.63720703125,11.836812973022461,11.836857795715332,971.0772094726562,1942.0587158203125,49.99989700317383,49.9998893737793,100.0,0.0,0.0,344.9919738769531,0.0,7.924896240234375,17.18410873413086,17.18499183654785,0.0,1.034000039100647,0.9067617654800415,50.0,0.09999999403953552,2.2907917499542236,0.0,0.0,0.0,0.0,0.1928102480773201,0.0,0.0,-0.0,0.002991035580635071,-0.0029914705082774162,0.0,-4.3481122702360153e-07,100.40201568603516,100.4019775390625,790.7993774414062,790.7993774414062,790.7993774414062,550.3868408203125,0.0,0.0,34.85948944091797,0.0010999999940395355,0.02200000174343586,0.03299999609589577,78.25286865234375,5655.8173828125,114276.53125,0.02126905508339405,0.0,3.1392715754918754e-05,4668.2060546875,0.0,0.231320321559906,0.0191325880587101,0.0,0.0,34.8390007019043,0.0,0.0,1600.0,0.0,50.0,0.0,0.0,0.0,50.0,50.0,200.0,1.0,1.0,1.0000001192092896,0.0
3510.0,155.49932861328125,309.9742736816406,327.807861328125,327.8069763183594,292.1408386230469,292.1416931152344,16515.818359375,33031.63671875,66.97390747070312,66.97394561767578,1915.8577880859375,3831.611572265625,1915.844970703125,3831.5859375,288.46209716796875,59.02417755126953,-2.551206819134677e-07,0.0,0.0,2582.677978515625,1290.1259765625,0.0,34.859352111816406,2906.63720703125,11.836812973022461,11.836857795715332,971.0772094726562,1942.0587158203125,49.99989700317383,49.9998893737793,100.0,0.0,0.0,344.9919738769531,0.0,7.924896240234375,17.18410873413086,17.18499183654785,0.0,1.034000039100647,0.9067617654800415,50.0,0.09999999403953552,2.2907917499542236,0.0,0.0,0.0,0.0,0.1928102480773201,0.0,0.0,-0.0,0.002991035580635071,-0.0029914705082774162,0.0,-4.3481122702360153e-07,100.40201568603516,100.4019775390625,790.7993774414062,790.7993774414062,790.7993774414062,550.3868408203125,0.0,0.0,34.859352111816406,0.0010999999940395355,0.02200000174343586,0.03299999609589577,78.25286865234375,5655.8173828125,114276.53125,0.02126905508339405,0.0,3.1392715754918754e-05,4681.5458984375,0.0,0.231320321559906,0.0191325880587101,0.0,0.0,34.8390007019043,0.0,0.0,1600.0,0.0,50.0,0.0,0.0,0.0,50.0,50.0,200.0,1.0,1.0,1.0000001192092896,0.0
3520.0,155.49932861328125,309.9742736816406,327.807861328125,327.8069763183594,292.1408386230469,292.1416931152344,16515.818359375,33031.63671875,66.97390747070312,66.97394561767578,1915.8577880859375,3831.611572265625,1915.844970703125,3831.5859375,288.4621276855469,59.02421569824219,-4.96813527206541e-06,0.0,0.0,2582.677978515625,1290.1259765625,0.0,34.85919952392578,2906.63720703125,11.836812973022461,11.836857795715332,971.0772094726562,1942.0587158203125,49.99989700317383,49.9998893737793,100.0,0.0,0.0,344.9919738769531,0.0,7.924896240234375,17.18410873413086,17.18499183654785,0.0,1.034000039100647,0.9067617654800415,50.0,0.09999999403953552,2.2907917499542236,0.0,0.0,0.0,0.0,0.1928102480773201,0.0,0.0,-0.0,0.002991035580635071,-0.0029914705082774162,0.0,-4.3481122702360153e-07,100.40201568603516,100.4019775390625,790.7993774414062,790.7993774414062,790.7993774414062,550.3868408203125,0.0,0.0,34.85919952392578,0.0010999999940395355,0.02200000174343586,0.03299999609589577,78.25286865234375,5655.8173828125,114276.53125,0.02126905508339405,0.0,3.1392715754918754e-05,4694.8857421875,0.0,0.231320321559906,0.0191325880587101,0.0,0.0,34.8390007019043,0.0,0.0,1600.0,0.0,50.0,0.0,0.0,0.0,50.0,50.0,200.0,1.0,1.0,1.0000001192092896,0.0
3530.0,155.49932861328125,309.9742736816406,327.807861328125,327.8069763183594,292.1408386230469,292.1416931152344,16515.818359375,33031.63671875,66.97390747070312,66.97394561767578,1915.8577880859375,3831.611572265625,1915.844970703125,3831.5859375,288.4621276855469,59.02425765991211,1.3261154663268826e-06,0.0,0.0,2582.677978515625,1290.1259765625,0.0,34.859066009521484,2906.63720703125,11.836812973022461,11.836857795715332,971.0772094726562,1942.0587158203125,49.99989700317383,49.9998893737793,100.0,0.0,0.0,344.9919738769531,0.0,7.924896240234375,17.18410873413086,17.18499183654785,0.0,1.034000039100647,0.9067617654800415,50.0,0.09999999403953552,2.2907917499542236,0.0,0.0,0.0,0.0,0.1928102480773201,0.0,0.0,-0.0,0.002991035580635071,-0.0029914705082774162,0.0,-4.3481122702360153e-07,100.40201568603516,100.4019775390625,790.7993774414062,790.7993774414062,790.7993774414062,550.3868408203125,0.0,0.0,34.859066009521484,0.0010999999940395355,0.02200000174343586,0.03299999609589577,78.25286865234375,5655.8173828125,114276.53125,0.02126905508339405,0.0,3.1392715754918754e-05,4708.2255859375,0.0,0.231320321559906,0.0191325880587101,0.0,0.0,34.8390007019043,0.0,0.0,1600.0,0.0,50.0,0.0,0.0,0.0,50.0,50.0,200.0,1.0,1.0,1.0000001192092896,0.0
3540.0,155.49932861328125,309.9742736816406,327.807861328125,327.8069763183594,292.1408386230469,292.1416931152344,16515.818359375,33031.63671875,66.97390747070312,66.97394561767578,1915.8577880859375,3831.611572265625,1915.844970703125,3831.5859375,288.462158203125,59.0242919921875,-3.959103651141049e-06,0.0,0.0,2582.677978515625,1290.1259765625,0.0,34.857566833496094,2906.63720703125,11.836812973022461,11.836857795715332,971.0772094726562,1942.0587158203125,49.99989700317383,49.9998893737793,100.0,0.0,0.0,344.9919738769531,0.0,7.924896240234375,17.18410873413086,17.18499183654785,0.0,1.034000039100647,0.9067617654800415,50.0,0.09999999403953552,2.2907917499542236,0.0,0.0,0.0,0.0,0.1928102480773201,0.0,0.0,-0.0,0.002991035580635071,-0.0029914705082774162,0.0,-4.3481122702360153e-07,100.40201568603516,100.4019775390625,790.7993774414062,790.7993774414062,790.7993774414062,550.3868408203125,0.0,0.0,34.857566833496094,0.0010999999940395355,0.02200000174343586,0.03299999609589577,78.25286865234375,5655.8173828125,114276.53125,0.02126905508339405,0.0,3.1392715754918754e-05,4721.5654296875,0.0,0.231320321559906,0.0191325880587101,0.0,0.0,34.8390007019043,0.0,0.0,1600.0,0.0,50.0,0.0,0.0,0.0,50.0,50.0,200.0,1.0,1.0,1.0000001192092896,0.0
3550.0,155.49932861328125,309.9742736816406,327.807861328125,327.8069763183594,292.1408386230469,292.1416931152344,16515.818359375,33031.63671875,66.97390747070312,66.97394561767578,1915.8577880859375,3831.611572265625,1915.844970703125,3831.5859375,288.462158203125,59.02432632446289,1.1907378620890086e-06,0.0,0.0,2582.677978515625,1290.1259765625,0.0,34.85877227783203,2906.63720703125,11.836812973022461,11.836857795715332,971.0772094726562,1942.0587158203125,49.99989700317383,49.9998893737793,100.0,0.0,0.0,344.9919738769531,0.0,7.924896240234375,17.18410873413086,17.18499183654785,0.0,1.034000039100647,0.9067617654800415,50.0,0.09999999403953552,2.2907917499542236,0.0,0.0,0.0,0.0,0.1928102480773201,0.0,0.0,-0.0,0.002991035580635071,-0.0029914705082774162,0.0,-4.3481122702360153e-07,100.40201568603516,100.4019775390625,790.7993774414062,790.7993774414062,790.7993774414062,550.3868408203125,0.0,0.0,34.85877227783203,0.0010999999940395355,0.02200000174343586,0.03299999609589577,78.25286865234375,5655.8173828125,114276.53125,0.02126905508339405,0.0,3.1392715754918754e-05,4734.9052734375,0.0,0.231320321559906,0.0191325880587101,0.0,0.0,34.8390007019043,0.0,0.0,1600.0,0.0,50.0,0.0,0.0,0.0,50.0,50.0,200.0,1.0,1.0,1.0000001192092896,0.0
3560.0,155.49932861328125,309.9742736816406,327.807861328125,327.8069763183594,292.1408386230469,292.1416931152344,16515.818359375,33031.63671875,66.97390747070312,66.97394561767578,1915.8577880859375,3831.611572265625,1915.844970703125,3831.5859375,288.4621887207031,59.02436447143555,-3.522276983858319e-06,0.0,0.0,2582.677978515625,1290.1259765625,0.0,34.858638763427734,2906.63720703125,11.836812973022461,11.836857795715332,971.0772094726562,1942.0587158203125,49.99989700317383,49.9998893737793,100.0,0.0,0.0,344.9919738769531,0.0,7.924896240234375,17.18410873413086,17.18499183654785,0.0,1.034000039100647,0.9067617654800415,50.0,0.09999999403953552,2.2907917499542236,0.0,0.0,0.0,0.0,0.1928102480773201,0.0,0.0,-0.0,0.002991035580635071,-0.0029914705082774162,0.0,-4.3481122702360153e-07,100.40201568603516,100.4019775390625,790.7993774414062,790.7993774414062,790.7993774414062,550.3868408203125,0.0,0.0,34.858638763427734,0.0010999999940395355,0.02200000174343586,0.03299999609589577,78.25286865234375,5655.8173828125,114276.53125,0.02126905508339405,0.0,3.1392715754918754e-05,4748.2451171875,0.0,0.231320321559906,0.0191325880587101,0.0,0.0,34.8390007019043,0.0,0.0,1600.0,0.0,50.0,0.0,0.0,0.0,50.0,50.0,200.0,1.0,1.0,1.0000001192092896,0.0
3570.0,155.49932861328125,309.9742736816406,327.807861328125,327.8069763183594,292.1408386230469,292.1416931152344,16515.818359375,33031.63671875,66.97390747070312,66.97394561767578,1915.8577880859375,3831.611572265625,1915.844970703125,3831.5859375,288.4621887207031,59.02440643310547,2.7719738682208117e-06,0.0,0.0,2582.677978515625,1290.1259765625,0.0,34.85850524902344,2906.63720703125,11.836812973022461,11.836857795715332,971.0772094726562,1942.0587158203125,49.99989700317383,49.9998893737793,100.0,0.0,0.0,344.9919738769531,0.0,7.924896240234375,17.18410873413086,17.18499183654785,0.0,1.034000039100647,0.9067617654800415,50.0,0.09999999403953552,2.2907917499542236,0.0,0.0,0.0,0.0,0.1928102480773201,0.0,0.0,-0.0,0.002991035580635071,-0.0029914705082774162,0.0,-4.3481122702360153e-07,100.40201568603516,100.4019775390625,790.7993774414062,790.7993774414062,790.7993774414062,550.3868408203125,0.0,0.0,34.85850524902344,0.0010999999940395355,0.02200000174343586,0.03299999609589577,78.25286865234375,5655.8173828125,114276.53125,0.02126905508339405,0.0,3.1392715754918754e-05,4761.5849609375,0.0,0.231320321559906,0.0191325880587101,0.0,0.0,34.8390007019043,0.0,0.0,1600.0,0.0,50.0,0.0,0.0,0.0,50.0,50.0,200.0,1.0,1.0,1.0000001192092896,0.0
3580.0,155.49932861328125,309.9742736816406,327.807861328125,327.8069763183594,292.1408386230469,292.1416931152344,16515.818359375,33031.63671875,66.97390747070312,66.97394561767578,1915.8577880859375,3831.611572265625,1915.844970703125,3831.5859375,288.46221923828125,59.02444076538086,-2.5132451355602825e-06,0.0,0.0,2582.677978515625,1290.1259765625,0.0,34.85700607299805,2906.63720703125,11.836812973022461,11.836857795715332,971.0772094726562,1942.0587158203125,49.99989700317383,49.9998893737793,100.0,0.0,0.0,344.9919738769531,0.0,7.924896240234375,17.18410873413086,17.18499183654785,0.0,1.034000039100647,0.9067617654800415,50.0,0.09999999403953552,2.2907917499542236,0.0,0.0,0.0,0.0,0.1928102480773201,0.0,0.0,-0.0,0.002991035580635071,-0.0029914705082774162,0.0,-4.3481122702360153e-07,100.40201568603516,100.4019775390625,790.7993774414062,790.7993774414062,790.7993774414062,550.3868408203125,0.0,0.0,34.85700607299805,0.0010999999940395355,0.02200000174343586,0.03299999609589577,78.25286865234375,5655.8173828125,114276.53125,0.02126905508339405,0.0,3.1392715754918754e-05,4774.9248046875,0.0,0.231320321559906,0.0191325880587101,0.0,0.0,34.8390007019043,0.0,0.0,1600.0,0.0,50.0,0.0,0.0,0.0,50.0,50.0,200.0,1.0,1.0,1.0000001192092896,0.0
3590.0,155.49932861328125,309.9742736816406,327.807861328125,327.8069763183594,292.1408386230469,292.1416931152344,16515.818359375,33031.63671875,66.97390747070312,66.97394561767578,1915.8577880859375,3831.611572265625,1915.844970703125,3831.5859375,288.46221923828125,59.02447509765625,2.6365962639829377e-06,0.0,0.0,2582.677978515625,1290.1259765625,0.0,34.85821533203125,2906.63720703125,11.836812973022461,11.836857795715332,971.0772094726562,1942.0587158203125,49.99989700317383,49.9998893737793,100.0,0.0,0.0,344.9919738769531,0.0,7.924896240234375,17.18410873413086,17.18499183654785,0.0,1.034000039100647,0.9067617654800415,50.0,0.09999999403953552,2.2907917499542236,0.0,0.0,0.0,0.0,0.1928102480773201,0.0,0.0,-0.0,0.002991035580635071,-0.0029914705082774162,0.0,-4.3481122702360153e-07,100.40201568603516,100.4019775390625,790.7993774414062,790.7993774414062,790.7993774414062,550.3868408203125,0.0,0.0,34.85821533203125,0.0010999999940395355,0.02200000174343586,0.03299999609589577,78.25286865234375,5655.8173828125,114276.53125,0.02126905508339405,0.0,3.1392715754918754e-05,4788.2646484375,0.0,0.231320321559906,0.0191325880587101,0.0,0.0,34.8390007019043,0.0,0.0,1600.0,0.0,50.0,0.0,0.0,0.0,50.0,50.0,200.0,1.0,1.0,1.0000001192092896,0.0
3600.0,155.49932861328125,309.9742736816406,327.807861328125,327.8069763183594,292.1408386230469,292.1416931152344,16515.818359375,33031.63671875,66.97390747070312,66.97394561767578,1915.8577880859375,3831.611572265625,1915.844970703125,3831.5859375,288.4622497558594,59.024513244628906,-2.0764182409038767e-06,0.0,0.0,2582.677978515625,1290.1259765625,0.0,34.85808181762695,2906.63720703125,11.836812973022461,11.836857795715332,971.0772094726562,1942.0587158203125,49.99989700317383,49.9998893737793,100.0,0.0,0.0,344.9919738769531,0.0,7.924896240234375,17.18410873413086,17.18499183654785,0.0,1.034000039100647,0.9067617654800415,50.0,0.09999999403953552,2.2907917499542236,0.0,0.0,0.0,0.0,0.1928102480773201,0.0,0.0,-0.0,0.002991035580635071,-0.0029914705082774162,0.0,-4.3481122702360153e-07,100.40201568603516,100.4019775390625,790.7993774414062,790.7993774414062,790.7993774414062,550.3868408203125,0.0,0.0,34.85808181762695,0.0010999999940395355,0.02200000174343586,0.03299999609589577,78.25286865234375,5655.8173828125,114276.53125,0.02126905508339405,0.0,3.1392715754918754e-05,4801.6044921875,0.0,0.231320321559906,0.0191325880587101,0.0,0.0,34.8390007019043,0.0,0.0,1600.0,0.0,50.0,0.0,0.0,0.0,50.0,50.0,200.0,1.0,1.0,1.0000001192092896,0.0
3610.0,155.49932861328125,309.9742736816406,327.807861328125,327.8069763183594,292.1408386230469,292.1416931152344,16515.818359375,33031.63671875,66.97390747070312,66.97394561767578,1915.8577880859375,3831.611572265625,1915.844970703125,3831.5859375,288.4622497558594,59.02455520629883,4.217832611175254e-06,0.0,0.0,2582.677978515625,1290.1259765625,0.0,34.85794448852539,2906.63720703125,11.836812973022461,11.836857795715332,971.0772094726562,1942.0587158203125,49.99989700317383,49.9998893737793,100.0,0.0,0.0,344.9919738769531,0.0,7.924896240234375,17.18410873413086,17.18499183654785,0.0,1.034000039100647,0.9067617654800415,50.0,0.09999999403953552,2.2907917499542236,0.0,0.0,0.0,0.0,0.1928102480773201,0.0,0.0,-0.0,0.002991035580635071,-0.0029914705082774162,0.0,-4.3481122702360153e-07,100.40201568603516,100.4019775390625,790.7993774414062,790.7993774414062,790.7993774414062,550.3868408203125,0.0,0.0,34.85794448852539,0.0010999999940395355,0.02200000174343586,0.03299999609589577,78.25286865234375,5655.8173828125,114276.53125,0.02126905508339405,0.0,3.1392715754918754e-05,4814.9443359375,0.0,0.231320321559906,0.0191325880587101,0.0,0.0,34.8390007019043,0.0,0.0,1600.0,0.0,50.0,0.0,0.0,0.0,50.0,50.0,200.0,1.0,1.0,1.0000001192092896,0.0
3620.0,155.49932861328125,309.9742736816406,327.807861328125,327.8069763183594,292.1408386230469,292.1416931152344,16515.818359375,33031.63671875,66.97390747070312,66.97394561767578,1915.8577880859375,3831.611572265625,1915.844970703125,3831.5859375,288.4622802734375,59.02458572387695,-1.6395912325606332e-06,0.0,0.0,2582.677978515625,1290.1259765625,0.0,34.85783386230469,2906.63720703125,11.836812973022461,11.836857795715332,971.0772094726562,1942.0587158203125,49.99989700317383,49.9998893737793,100.0,0.0,0.0,344.9919738769531,0.0,7.924896240234375,17.18410873413086,17.18499183654785,0.0,1.034000039100647,0.9067617654800415,50.0,0.09999999403953552,2.2907917499542236,0.0,0.0,0.0,0.0,0.1928102480773201,0.0,0.0,-0.0,0.002991035580635071,-0.0029914705082774162,0.0,-4.3481122702360153e-07,100.40201568603516,100.4019775390625,790.7993774414062,790.7993774414062,790.7993774414062,550.3868408203125,0.0,0.0,34.85783386230469,0.0010999999940395355,0.02200000174343586,0.03299999609589577,78.25286865234375,5655.8173828125,114276.53125,0.02126905508339405,0.0,3.1392715754918754e-05,4828.2841796875,0.0,0.231320321559906,0.0191325880587101,0.0,0.0,34.8390007019043,0.0,0.0,1600.0,0.0,50.0,0.0,0.0,0.0,50.0,50.0,200.0,1.0,1.0,1.0000001192092896,0.0
3630.0,155.49932861328125,309.9742736816406,327.807861328125,327.8069763183594,292.1408386230469,292.1416931152344,16515.818359375,33031.63671875,66.97390747070312,66.97394561767578,1915.8577880859375,3831.611572265625,1915.844970703125,3831.5859375,288.4622802734375,59.02460861206055,1.7936363292392343e-06,0.0,0.0,2582.677978515625,1290.1259765625,0.0,34.857723236083984,2906.63720703125,11.836812973022461,11.836857795715332,971.0772094726562,1942.0587158203125,49.99989700317383,49.9998893737793,100.0,0.0,0.0,344.9919738769531,0.0,7.924896240234375,17.18410873413086,17.18499183654785,0.0,1.034000039100647,0.9067617654800415,50.0,0.09999999403953552,2.2907917499542236,0.0,0.0,0.0,0.0,0.1928102480773201,0.0,0.0,-0.0,0.002991035580635071,-0.0029914705082774162,0.0,-4.3481122702360153e-07,100.40201568603516,100.4019775390625,790.7993774414062,790.7993774414062,790.7993774414062,550.3868408203125,0.0,0.0,34.857723236083984,0.0010999999940395355,0.02200000174343586,0.03299999609589577,78.25286865234375,5655.8173828125,114276.53125,0.02126905508339405,0.0,3.1392715754918754e-05,4841.6240234375,0.0,0.231320321559906,0.0191325880587101,0.0,0.0,34.8390007019043,0.0,0.0,1600.0,0.0,50.0,0.0,0.0,0.0,50.0,50.0,200.0,1.0,1.0,1.0000001192092896,0.0
3640.0,155.49932861328125,309.9742736816406,327.807861328125,327.8069763183594,292.1408386230469,292.1416931152344,16515.818359375,33031.63671875,66.97390747070312,66.97394561767578,1915.8577880859375,3831.611572265625,1915.844970703125,3831.5859375,288.4623107910156,59.02463912963867,-4.063786946062464e-06,0.0,0.0,2582.677978515625,1290.1259765625,0.0,34.85763168334961,2906.63720703125,11.836812973022461,11.836857795715332,971.0772094726562,1942.0587158203125,49.99989700317383,49.9998893737793,100.0,0.0,0.0,344.9919738769531,0.0,7.924896240234375,17.18410873413086,17.18499183654785,0.0,1.034000039100647,0.9067617654800415,50.0,0.09999999403953552,2.2907917499542236,0.0,0.0,0.0,0.0,0.1928102480773201,0.0,0.0,-0.0,0.002991035580635071,-0.0029914705082774162,0.0,-4.3481122702360153e-07,100.40201568603516,100.4019775390625,790.7993774414062,790.7993774414062,790.7993774414062,550.3868408203125,0.0,0.0,34.85763168334961,0.0010999999940395355,0.02200000174343586,0.03299999609589577,78.25286865234375,5655.8173828125,114276.53125,0.02126905508339405,0.0,3.1392715754918754e-05,4854.9638671875,0.0,0.231320321559906,0.0191325880587101,0.0,0.0,34.8390007019043,0.0,0.0,1600.0,0.0,50.0,0.0,0.0,0.0,50.0,50.0,200.0,1.0,1.0,1.0000001192092896,0.0
3650.0,155.49932861328125,309.9742736816406,327.807861328125,327.8069763183594,292.1408386230469,292.1416931152344,16515.818359375,33031.63671875,66.97390747070312,66.97394561767578,1915.8577880859375,3831.611572265625,1915.844970703125,3831.5859375,288.4623107910156,59.024662017822266,-6.30559668479691e-07,0.0,0.0,2582.677978515625,1290.1259765625,0.0,34.857540130615234,2906.63720703125,11.836812973022461,11.836857795715332,971.0772094726562,1942.0587158203125,49.99989700317383,49.9998893737793,100.0,0.0,0.0,344.9919738769531,0.0,7.924896240234375,17.18410873413086,17.18499183654785,0.0,1.034000039100647,0.9067617654800415,50.0,0.09999999403953552,2.2907917499542236,0.0,0.0,0.0,0.0,0.1928102480773201,0.0,0.0,-0.0,0.002991035580635071,-0.0029914705082774162,0.0,-4.3481122702360153e-07,100.40201568603516,100.4019775390625,790.7993774414062,790.7993774414062,790.7993774414062,550.3868408203125,0.0,0.0,34.857540130615234,0.0010999999940395355,0.02200000174343586,0.03299999609589577,78.25286865234375,5655.8173828125,114276.53125,0.02126905508339405,0.0,3.1392715754918754e-05,4868.3037109375,0.0,0.231320321559906,0.0191325880587101,0.0,0.0,34.8390007019043,0.0,0.0,1600.0,0.0,50.0,0.0,0.0,0.0,50.0,50.0,200.0,1.0,1.0,1.0000001192092896,0.0
3660.0,155.49932861328125,309.9742736816406,327.807861328125,327.8069763183594,292.1408386230469,292.1416931152344,16515.818359375,33031.63671875,66.97390747070312,66.97394561767578,1915.8577880859375,3831.611572265625,1915.844970703125,3831.5859375,288.4623107910156,59.024681091308594,2.23046322389564e-06,0.0,0.0,2582.677978515625,1290.1259765625,0.0,34.85611343383789,2906.63720703125,11.836812973022461,11.836857795715332,971.0772094726562,1942.0587158203125,49.99989700317383,49.9998893737793,100.0,0.0,0.0,344.9919738769531,0.0,7.924896240234375,17.18410873413086,17.18499183654785,0.0,1.034000039100647,0.9067617654800415,50.0,0.09999999403953552,2.2907917499542236,0.0,0.0,0.0,0.0,0.1928102480773201,0.0,0.0,-0.0,0.002991035580635071,-0.0029914705082774162,0.0,-4.3481122702360153e-07,100.40201568603516,100.4019775390625,790.7993774414062,790.7993774414062,790.7993774414062,550.3868408203125,0.0,0.0,34.85611343383789,0.0010999999940395355,0.02200000174343586,0.03299999609589577,78.25286865234375,5655.8173828125,114276.53125,0.02126905508339405,0.0,3.1392715754918754e-05,4881.6435546875,0.0,0.231320321559906,0.0191325880587101,0.0,0.0,34.8390007019043,0.0,0.0,1600.0,0.0,50.0,0.0,0.0,0.0,50.0,50.0,200.0,1.0,1.0,1.0000001192092896,0.0
3670.0,155.49932861328125,309.9742736816406,327.807861328125,327.8069763183594,292.1408386230469,292.1416931152344,16515.818359375,33031.63671875,66.97390747070312,66.97394561767578,1915.8577880859375,3831.611572265625,1915.844970703125,3831.5859375,288.4623107910156,59.024696350097656,4.519281446846435e-06,0.0,0.0,2582.677978515625,1290.1259765625,0.0,34.85604476928711,2906.63720703125,11.836812973022461,11.836857795715332,971.0772094726562,1942.0587158203125,49.99989700317383,49.9998893737793,100.0,0.0,0.0,344.9919738769531,0.0,7.924896240234375,17.18410873413086,17.18499183654785,0.0,1.034000039100647,0.9067617654800415,50.0,0.09999999403953552,2.2907917499542236,0.0,0.0,0.0,0.0,0.1928102480773201,0.0,0.0,-0.0,0.002991035580635071,-0.0029914705082774162,0.0,-4.3481122702360153e-07,100.40201568603516,100.4019775390625,790.7993774414062,790.7993774414062,790.7993774414062,550.3868408203125,0.0,0.0,34.85604476928711,0.0010999999940395355,0.02200000174343586,0.03299999609589577,78.25286865234375,5655.8173828125,114276.53125,0.02126905508339405,0.0,3.1392715754918754e-05,4894.9833984375,0.0,0.231320321559906,0.0191325880587101,0.0,0.0,34.8390007019043,0.0,0.0,1600.0,0.0,50.0,0.0,0.0,0.0,50.0,50.0,200.0,1.0,1.0,1.0000001192092896,0.0
3680.0,155.49932861328125,309.9742736816406,327.807861328125,327.8069763183594,292.1408386230469,292.1416931152344,16515.818359375,33031.63671875,66.97390747070312,66.97394561767578,1915.8577880859375,3831.611572265625,1915.844970703125,3831.5859375,288.46234130859375,59.02470779418945,-4.199165232421365e-06,0.0,0.0,2582.677978515625,1290.1259765625,0.0,34.85734176635742,2906.63720703125,11.836812973022461,11.836857795715332,971.0772094726562,1942.0587158203125,49.99989700317383,49.9998893737793,100.0,0.0,0.0,344.9919738769531,0.0,7.924896240234375,17.18410873413086,17.18499183654785,0.0,1.034000039100647,0.9067617654800415,50.0,0.09999999403953552,2.2907917499542236,0.0,0.0,0.0,0.0,0.1928102480773201,0.0,0.0,-0.0,0.002991035580635071,-0.0029914705082774162,0.0,-4.3481122702360153e-07,100.40201568603516,100.4019775390625,790.7993774414062,790.7993774414062,790.7993774414062,550.3868408203125,0.0,0.0,34.85734176635742,0.0010999999940395355,0.02200000174343586,0.03299999609589577,78.25286865234375,5655.8173828125,114276.53125,0.02126905508339405,0.0,3.1392715754918754e-05,4908.3232421875,0.0,0.231320321559906,0.0191325880587101,0.0,0.0,34.8390007019043,0.0,0.0,1600.0,0.0,50.0,0.0,0.0,0.0,50.0,50.0,200.0,1.0,1.0,1.0000001192092896,0.0
3690.0,155.49932861328125,309.9742736816406,327.807861328125,327.8069763183594,292.1408386230469,292.1416931152344,16515.818359375,33031.63671875,66.97390747070312,66.97394561767578,1915.8577880859375,3831.611572265625,1915.844970703125,3831.5859375,288.46234130859375,59.024723052978516,-1.910346554723219e-06,0.0,0.0,2582.677978515625,1290.1259765625,0.0,34.8572998046875,2906.63720703125,11.836812973022461,11.836857795715332,971.0772094726562,1942.0587158203125,49.99989700317383,49.9998893737793,100.0,0.0,0.0,344.9919738769531,0.0,7.924896240234375,17.18410873413086,17.18499183654785,0.0,1.034000039100647,0.9067617654800415,50.0,0.09999999403953552,2.2907917499542236,0.0,0.0,0.0,0.0,0.1928102480773201,0.0,0.0,-0.0,0.002991035580635071,-0.0029914705082774162,0.0,-4.3481122702360153e-07,100.40201568603516,100.4019775390625,790.7993774414062,790.7993774414062,790.7993774414062,550.3868408203125,0.0,0.0,34.8572998046875,0.0010999999940395355,0.02200000174343586,0.03299999609589577,78.25286865234375,5655.8173828125,114276.53125,0.02126905508339405,0.0,3.1392715754918754e-05,4921.6630859375,0.0,0.231320321559906,0.0191325880587101,0.0,0.0,34.8390007019043,0.0,0.0,1600.0,0.0,50.0,0.0,0.0,0.0,50.0,50.0,200.0,1.0,1.0,1.0000001192092896,0.0
3700.0,155.49932861328125,309.9742736816406,327.807861328125,327.8069763183594,292.1408386230469,292.1416931152344,16515.818359375,33031.63671875,66.97390747070312,66.97394561767578,1915.8577880859375,3831.611572265625,1915.844970703125,3831.5859375,288.46234130859375,59.024723052978516,-1.910346554723219e-06,0.0,0.0,2582.677978515625,1290.1259765625,0.0,34.8572998046875,2906.63720703125,11.836812973022461,11.836857795715332,971.0772094726562,1942.0587158203125,49.99989700317383,49.9998893737793,100.0,0.0,0.0,344.9919738769531,0.0,7.924896240234375,17.18410873413086,17.18499183654785,0.0,1.034000039100647,0.9067617654800415,50.0,0.09999999403953552,2.2907917499542236,0.0,0.0,0.0,0.0,0.1928102480773201,0.0,0.0,-0.0,0.002991035580635071,-0.0029914705082774162,0.0,-4.3481122702360153e-07,100.40201568603516,100.4019775390625,790.7993774414062,790.7993774414062,790.7993774414062,550.3868408203125,0.0,0.0,34.8572998046875,0.0010999999940395355,0.02200000174343586,0.03299999609589577,78.25286865234375,5655.8173828125,114276.53125,0.02126905508339405,0.0,3.1392715754918754e-05,4935.0029296875,0.0,0.231320321559906,0.0191325880587101,0.0,0.0,34.8390007019043,0.0,0.0,1600.0,0.0,50.0,0.0,0.0,0.0,50.0,50.0,200.0,1.0,1.0,1.0000001192092896,0.0
3710.0,155.49932861328125,309.9742736816406,327.807861328125,327.8069763183594,292.1408386230469,292.1416931152344,16515.818359375,33031.63671875,66.97390747070312,66.97394561767578,1915.8577880859375,3831.611572265625,1915.844970703125,3831.5859375,288.46234130859375,59.024723052978516,-1.910346554723219e-06,0.0,0.0,2582.677978515625,1290.1259765625,0.0,34.8572998046875,2906.63720703125,11.836812973022461,11.836857795715332,971.0772094726562,1942.0587158203125,49.99989700317383,49.9998893737793,100.0,0.0,0.0,344.9919738769531,0.0,7.924896240234375,17.18410873413086,17.18499183654785,0.0,1.034000039100647,0.9067617654800415,50.0,0.09999999403953552,2.2907917499542236,0.0,0.0,0.0,0.0,0.1928102480773201,0.0,0.0,-0.0,0.002991035580635071,-0.0029914705082774162,0.0,-4.3481122702360153e-07,100.40201568603516,100.4019775390625,790.7993774414062,790.7993774414062,790.7993774414062,550.3868408203125,0.0,0.0,34.8572998046875,0.0010999999940395355,0.02200000174343586,0.03299999609589577,78.25286865234375,5655.8173828125,114276.53125,0.02126905508339405,0.0,3.1392715754918754e-05,4948.3427734375,0.0,0.231320321559906,0.0191325880587101,0.0,0.0,34.8390007019043,0.0,0.0,1600.0,0.0,50.0,0.0,0.0,0.0,50.0,50.0,200.0,1.0,1.0,1.0000001192092896,0.0
3720.0,155.49932861328125,309.9742736816406,327.807861328125,327.8069763183594,292.1408386230469,292.1416931152344,16515.818359375,33031.63671875,66.97390747070312,66.97394561767578,1915.8577880859375,3831.611572265625,1915.844970703125,3831.5859375,288.46234130859375,59.024723052978516,-1.910346554723219e-06,0.0,0.0,2582.677978515625,1290.1259765625,0.0,34.8572998046875,2906.63720703125,11.836812973022461,11.836857795715332,971.0772094726562,1942.0587158203125,49.99989700317383,49.9998893737793,100.0,0.0,0.0,344.9919738769531,0.0,7.924896240234375,17.18410873413086,17.18499183654785,0.0,1.034000039100647,0.9067617654800415,50.0,0.09999999403953552,2.2907917499542236,0.0,0.0,0.0,0.0,0.1928102480773201,0.0,0.0,-0.0,0.002991035580635071,-0.0029914705082774162,0.0,-4.3481122702360153e-07,100.40201568603516,100.4019775390625,790.7993774414062,790.7993774414062,790.7993774414062,550.3868408203125,0.0,0.0,34.8572998046875,0.0010999999940395355,0.02200000174343586,0.03299999609589577,78.25286865234375,5655.8173828125,114276.53125,0.02126905508339405,0.0,3.1392715754918754e-05,4961.6826171875,0.0,0.231320321559906,0.0191325880587101,0.0,0.0,34.8390007019043,0.0,0.0,1600.0,0.0,50.0,0.0,0.0,0.0,50.0,50.0,200.0,1.0,1.0,1.0000001192092896,0.0
3730.0,155.49932861328125,309.9742736816406,327.807861328125,327.8069763183594,292.1408386230469,292.1416931152344,16515.818359375,33031.63671875,66.97390747070312,66.97394561767578,1915.8577880859375,3831.611572265625,1915.844970703125,3831.5859375,288.46234130859375,59.024723052978516,-1.910346554723219e-06,0.0,0.0,2582.677978515625,1290.1259765625,0.0,34.8572998046875,2906.63720703125,11.836812973022461,11.836857795715332,971.0772094726562,1942.0587158203125,49.99989700317383,49.9998893737793,100.0,0.0,0.0,344.9919738769531,0.0,7.924896240234375,17.18410873413086,17.18499183654785,0.0,1.034000039100647,0.9067617654800415,50.0,0.09999999403953552,2.2907917499542236,0.0,0.0,0.0,0.0,0.1928102480773201,0.0,0.0,-0.0,0.002991035580635071,-0.0029914705082774162,0.0,-4.3481122702360153e-07,100.40201568603516,100.4019775390625,790.7993774414062,790.7993774414062,790.7993774414062,550.3868408203125,0.0,0.0,34.8572998046875,0.0010999999940395355,0.02200000174343586,0.03299999609589577,78.25286865234375,5655.8173828125,114276.53125,0.02126905508339405,0.0,3.1392715754918754e-05,4975.0224609375,0.0,0.231320321559906,0.0191325880587101,0.0,0.0,34.8390007019043,0.0,0.0,1600.0,0.0,50.0,0.0,0.0,0.0,50.0,50.0,200.0,1.0,1.0,1.0000001192092896,0.0
3740.0,155.49932861328125,309.9742736816406,327.807861328125,327.8069763183594,292.1408386230469,292.1416931152344,16515.818359375,33031.63671875,66.97390747070312,66.97394561767578,1915.8577880859375,3831.611572265625,1915.844970703125,3831.5859375,288.46234130859375,59.024723052978516,-1.910346554723219e-06,0.0,0.0,2582.677978515625,1290.1259765625,0.0,34.8572998046875,2906.63720703125,11.836812973022461,11.836857795715332,971.0772094726562,1942.0587158203125,49.99989700317383,49.9998893737793,100.0,0.0,0.0,344.9919738769531,0.0,7.924896240234375,17.18410873413086,17.18499183654785,0.0,1.034000039100647,0.9067617654800415,50.0,0.09999999403953552,2.2907917499542236,0.0,0.0,0.0,0.0,0.1928102480773201,0.0,0.0,-0.0,0.002991035580635071,-0.0029914705082774162,0.0,-4.3481122702360153e-07,100.40201568603516,100.4019775390625,790.7993774414062,790.7993774414062,790.7993774414062,550.3868408203125,0.0,0.0,34.8572998046875,0.0010999999940395355,0.02200000174343586,0.03299999609589577,78.25286865234375,5655.8173828125,114276.53125,0.02126905508339405,0.0,3.1392715754918754e-05,4988.3623046875,0.0,0.231320321559906,0.0191325880587101,0.0,0.0,34.8390007019043,0.0,0.0,1600.0,0.0,50.0,0.0,0.0,0.0,50.0,50.0,200.0,1.0,1.0,1.0000001192092896,0.0
3750.0,155.49932861328125,309.9742736816406,327.807861328125,327.8069763183594,292.1408386230469,292.1416931152344,16515.818359375,33031.63671875,66.97390747070312,66.97394561767578,1915.8577880859375,3831.611572265625,1915.844970703125,3831.5859375,288.46234130859375,59.024723052978516,-1.910346554723219e-06,0.0,0.0,2582.677978515625,1290.1259765625,0.0,34.8572998046875,2906.63720703125,11.836812973022461,11.836857795715332,971.0772094726562,1942.0587158203125,49.99989700317383,49.9998893737793,100.0,0.0,0.0,344.9919738769531,0.0,7.924896240234375,17.18410873413086,17.18499183654785,0.0,1.034000039100647,0.9067617654800415,50.0,0.09999999403953552,2.2907917499542236,0.0,0.0,0.0,0.0,0.1928102480773201,0.0,0.0,-0.0,0.002991035580635071,-0.0029914705082774162,0.0,-4.3481122702360153e-07,100.40201568603516,100.4019775390625,790.7993774414062,790.7993774414062,790.7993774414062,550.3868408203125,0.0,0.0,34.8572998046875,0.0010999999940395355,0.02200000174343586,0.03299999609589577,78.25286865234375,5655.8173828125,114276.53125,0.02126905508339405,0.0,3.1392715754918754e-05,5001.7021484375,0.0,0.231320321559906,0.0191325880587101,0.0,0.0,34.8390007019043,0.0,0.0,1600.0,0.0,50.0,0.0,0.0,0.0,50.0,50.0,200.0,1.0,1.0,1.0000001192092896,0.0
3760.0,155.49932861328125,309.9742736816406,327.807861328125,327.8069763183594,292.1408386230469,292.1416931152344,16515.818359375,33031.63671875,66.97390747070312,66.97394561767578,1915.8577880859375,3831.611572265625,1915.844970703125,3831.5859375,288.46234130859375,59.024723052978516,-1.910346554723219e-06,0.0,0.0,2582.677978515625,1290.1259765625,0.0,34.8572998046875,2906.63720703125,11.836812973022461,11.836857795715332,971.0772094726562,1942.0587158203125,49.99989700317383,49.9998893737793,100.0,0.0,0.0,344.9919738769531,0.0,7.924896240234375,17.18410873413086,17.18499183654785,0.0,1.034000039100647,0.9067617654800415,50.0,0.09999999403953552,2.2907917499542236,0.0,0.0,0.0,0.0,0.1928102480773201,0.0,0.0,-0.0,0.002991035580635071,-0.0029914705082774162,0.0,-4.3481122702360153e-07,100.40201568603516,100.4019775390625,790.7993774414062,790.7993774414062,790.7993774414062,550.3868408203125,0.0,0.0,34.8572998046875,0.0010999999940395355,0.02200000174343586,0.03299999609589577,78.25286865234375,5655.8173828125,114276.53125,0.02126905508339405,0.0,3.1392715754918754e-05,5015.0419921875,0.0,0.231320321559906,0.0191325880587101,0.0,0.0,34.8390007019043,0.0,0.0,1600.0,0.0,50.0,0.0,0.0,0.0,50.0,50.0,200.0,1.0,1.0,1.0000001192092896,0.0
3770.0,155.49932861328125,309.9742736816406,327.807861328125,327.8069763183594,292.1408386230469,292.1416931152344,16515.818359375,33031.63671875,66.97390747070312,66.97394561767578,1915.8577880859375,3831.611572265625,1915.844970703125,3831.5859375,288.46234130859375,59.024723052978516,-1.910346554723219e-06,0.0,0.0,2582.677978515625,1290.1259765625,0.0,34.8572998046875,2906.63720703125,11.836812973022461,11.836857795715332,971.0772094726562,1942.0587158203125,49.99989700317383,49.9998893737793,100.0,0.0,0.0,344.9919738769531,0.0,7.924896240234375,17.18410873413086,17.18499183654785,0.0,1.034000039100647,0.9067617654800415,50.0,0.09999999403953552,2.2907917499542236,0.0,0.0,0.0,0.0,0.1928102480773201,0.0,0.0,-0.0,0.002991035580635071,-0.0029914705082774162,0.0,-4.3481122702360153e-07,100.40201568603516,100.4019775390625,790.7993774414062,790.7993774414062,790.7993774414062,550.3868408203125,0.0,0.0,34.8572998046875,0.0010999999940395355,0.02200000174343586,0.03299999609589577,78.25286865234375,5655.8173828125,114276.53125,0.02126905508339405,0.0,3.1392715754918754e-05,5028.3818359375,0.0,0.231320321559906,0.0191325880587101,0.0,0.0,34.8390007019043,0.0,0.0,1600.0,0.0,50.0,0.0,0.0,0.0,50.0,50.0,200.0,1.0,1.0,1.0000001192092896,0.0
3780.0,155.49932861328125,309.9742736816406,327.807861328125,327.8069763183594,292.1408386230469,292.1416931152344,16515.818359375,33031.63671875,66.97390747070312,66.97394561767578,1915.8577880859375,3831.611572265625,1915.844970703125,3831.5859375,288.46234130859375,59.024723052978516,-1.910346554723219e-06,0.0,0.0,2582.677978515625,1290.1259765625,0.0,34.8572998046875,2906.63720703125,11.836812973022461,11.836857795715332,971.0772094726562,1942.0587158203125,49.99989700317383,49.9998893737793,100.0,0.0,0.0,344.9919738769531,0.0,7.924896240234375,17.18410873413086,17.18499183654785,0.0,1.034000039100647,0.9067617654800415,50.0,0.09999999403953552,2.2907917499542236,0.0,0.0,0.0,0.0,0.1928102480773201,0.0,0.0,-0.0,0.002991035580635071,-0.0029914705082774162,0.0,-4.3481122702360153e-07,100.40201568603516,100.4019775390625,790.7993774414062,790.7993774414062,790.7993774414062,550.3868408203125,0.0,0.0,34.8572998046875,0.0010999999940395355,0.02200000174343586,0.03299999609589577,78.25286865234375,5655.8173828125,114276.53125,0.02126905508339405,0.0,3.1392715754918754e-05,5041.7216796875,0.0,0.231320321559906,0.0191325880587101,0.0,0.0,34.8390007019043,0.0,0.0,1600.0,0.0,50.0,0.0,0.0,0.0,50.0,50.0,200.0,1.0,1.0,1.0000001192092896,0.0
3790.0,155.49932861328125,309.9742736816406,327.807861328125,327.8069763183594,292.1408386230469,292.1416931152344,16515.818359375,33031.63671875,66.97390747070312,66.97394561767578,1915.8577880859375,3831.611572265625,1915.844970703125,3831.5859375,288.46234130859375,59.024723052978516,-1.910346554723219e-06,0.0,0.0,2582.677978515625,1290.1259765625,0.0,34.8572998046875,2906.63720703125,11.836812973022461,11.836857795715332,971.0772094726562,1942.0587158203125,49.99989700317383,49.9998893737793,100.0,0.0,0.0,344.9919738769531,0.0,7.924896240234375,17.18410873413086,17.18499183654785,0.0,1.034000039100647,0.9067617654800415,50.0,0.09999999403953552,2.2907917499542236,0.0,0.0,0.0,0.0,0.1928102480773201,0.0,0.0,-0.0,0.002991035580635071,-0.0029914705082774162,0.0,-4.3481122702360153e-07,100.40201568603516,100.4019775390625,790.7993774414062,790.7993774414062,790.7993774414062,550.3868408203125,0.0,0.0,34.8572998046875,0.0010999999940395355,0.02200000174343586,0.03299999609589577,78.25286865234375,5655.8173828125,114276.53125,0.02126905508339405,0.0,3.1392715754918754e-05,5055.0615234375,0.0,0.231320321559906,0.0191325880587101,0.0,0.0,34.8390007019043,0.0,0.0,1600.0,0.0,50.0,0.0,0.0,0.0,50.0,50.0,200.0,1.0,1.0,1.0000001192092896,0.0
3800.0,155.49932861328125,309.9742736816406,327.807861328125,327.8069763183594,292.1408386230469,292.1416931152344,16515.818359375,33031.63671875,66.97390747070312,66.97394561767578,1915.8577880859375,3831.611572265625,1915.844970703125,3831.5859375,288.46234130859375,59.024723052978516,-1.910346554723219e-06,0.0,0.0,2582.677978515625,1290.1259765625,0.0,34.8572998046875,2906.63720703125,11.836812973022461,11.836857795715332,971.0772094726562,1942.0587158203125,49.99989700317383,49.9998893737793,100.0,0.0,0.0,344.9919738769531,0.0,7.924896240234375,17.18410873413086,17.18499183654785,0.0,1.034000039100647,0.9067617654800415,50.0,0.09999999403953552,2.2907917499542236,0.0,0.0,0.0,0.0,0.1928102480773201,0.0,0.0,-0.0,0.002991035580635071,-0.0029914705082774162,0.0,-4.3481122702360153e-07,100.40201568603516,100.4019775390625,790.7993774414062,790.7993774414062,790.7993774414062,550.3868408203125,0.0,0.0,34.8572998046875,0.0010999999940395355,0.02200000174343586,0.03299999609589577,78.25286865234375,5655.8173828125,114276.53125,0.02126905508339405,0.0,3.1392715754918754e-05,5068.4013671875,0.0,0.231320321559906,0.0191325880587101,0.0,0.0,34.8390007019043,0.0,0.0,1600.0,0.0,50.0,0.0,0.0,0.0,50.0,50.0,200.0,1.0,1.0,1.0000001192092896,0.0
3810.0,155.49932861328125,309.9742736816406,327.807861328125,327.8069763183594,292.1408386230469,292.1416931152344,16515.818359375,33031.63671875,66.97390747070312,66.97394561767578,1915.8577880859375,3831.611572265625,1915.844970703125,3831.5859375,288.46234130859375,59.024723052978516,-1.910346554723219e-06,0.0,0.0,2582.677978515625,1290.1259765625,0.0,34.8572998046875,2906.63720703125,11.836812973022461,11.836857795715332,971.0772094726562,1942.0587158203125,49.99989700317383,49.9998893737793,100.0,0.0,0.0,344.9919738769531,0.0,7.924896240234375,17.18410873413086,17.18499183654785,0.0,1.034000039100647,0.9067617654800415,50.0,0.09999999403953552,2.2907917499542236,0.0,0.0,0.0,0.0,0.1928102480773201,0.0,0.0,-0.0,0.002991035580635071,-0.0029914705082774162,0.0,-4.3481122702360153e-07,100.40201568603516,100.4019775390625,790.7993774414062,790.7993774414062,790.7993774414062,550.3868408203125,0.0,0.0,34.8572998046875,0.0010999999940395355,0.02200000174343586,0.03299999609589577,78.25286865234375,5655.8173828125,114276.53125,0.02126905508339405,0.0,3.1392715754918754e-05,5081.7412109375,0.0,0.231320321559906,0.0191325880587101,0.0,0.0,34.8390007019043,0.0,0.0,1600.0,0.0,50.0,0.0,0.0,0.0,50.0,50.0,200.0,1.0,1.0,1.0000001192092896,0.0
3820.0,155.49932861328125,309.9742736816406,327.807861328125,327.8069763183594,292.1408386230469,292.1416931152344,16515.818359375,33031.63671875,66.97390747070312,66.97394561767578,1915.8577880859375,3831.611572265625,1915.844970703125,3831.5859375,288.46234130859375,59.024723052978516,-1.910346554723219e-06,0.0,0.0,2582.677978515625,1290.1259765625,0.0,34.8572998046875,2906.63720703125,11.836812973022461,11.836857795715332,971.0772094726562,1942.0587158203125,49.99989700317383,49.9998893737793,100.0,0.0,0.0,344.9919738769531,0.0,7.924896240234375,17.18410873413086,17.18499183654785,0.0,1.034000039100647,0.9067617654800415,50.0,0.09999999403953552,2.2907917499542236,0.0,0.0,0.0,0.0,0.1928102480773201,0.0,0.0,-0.0,0.002991035580635071,-0.0029914705082774162,0.0,-4.3481122702360153e-07,100.40201568603516,100.4019775390625,790.7993774414062,790.7993774414062,790.7993774414062,550.3868408203125,0.0,0.0,34.8572998046875,0.0010999999940395355,0.02200000174343586,0.03299999609589577,78.25286865234375,5655.8173828125,114276.53125,0.02126905508339405,0.0,3.1392715754918754e-05,5095.0810546875,0.0,0.231320321559906,0.0191325880587101,0.0,0.0,34.8390007019043,0.0,0.0,1600.0,0.0,50.0,0.0,0.0,0.0,50.0,50.0,200.0,1.0,1.0,1.0000001192092896,0.0
3830.0,155.49932861328125,309.9742736816406,327.807861328125,327.8069763183594,292.1408386230469,292.1416931152344,16515.818359375,33031.63671875,66.97390747070312,66.97394561767578,1915.8577880859375,3831.611572265625,1915.844970703125,3831.5859375,288.46234130859375,59.024723052978516,-1.910346554723219e-06,0.0,0.0,2582.677978515625,1290.1259765625,0.0,34.8572998046875,2906.63720703125,11.836812973022461,11.836857795715332,971.0772094726562,1942.0587158203125,49.99989700317383,49.9998893737793,100.0,0.0,0.0,344.9919738769531,0.0,7.924896240234375,17.18410873413086,17.18499183654785,0.0,1.034000039100647,0.9067617654800415,50.0,0.09999999403953552,2.2907917499542236,0.0,0.0,0.0,0.0,0.1928102480773201,0.0,0.0,-0.0,0.002991035580635071,-0.0029914705082774162,0.0,-4.3481122702360153e-07,100.40201568603516,100.4019775390625,790.7993774414062,790.7993774414062,790.7993774414062,550.3868408203125,0.0,0.0,34.8572998046875,0.0010999999940395355,0.02200000174343586,0.03299999609589577,78.25286865234375,5655.8173828125,114276.53125,0.02126905508339405,0.0,3.1392715754918754e-05,5108.4208984375,0.0,0.231320321559906,0.0191325880587101,0.0,0.0,34.8390007019043,0.0,0.0,1600.0,0.0,50.0,0.0,0.0,0.0,50.0,50.0,200.0,1.0,1.0,1.0000001192092896,0.0
3840.0,155.49932861328125,309.9742736816406,327.807861328125,327.8069763183594,292.1408386230469,292.1416931152344,16515.818359375,33031.63671875,66.97390747070312,66.97394561767578,1915.8577880859375,3831.611572265625,1915.844970703125,3831.5859375,288.46234130859375,59.024723052978516,-1.910346554723219e-06,0.0,0.0,2582.677978515625,1290.1259765625,0.0,34.8572998046875,2906.63720703125,11.836812973022461,11.836857795715332,971.0772094726562,1942.0587158203125,49.99989700317383,49.9998893737793,100.0,0.0,0.0,344.9919738769531,0.0,7.924896240234375,17.18410873413086,17.18499183654785,0.0,1.034000039100647,0.9067617654800415,50.0,0.09999999403953552,2.2907917499542236,0.0,0.0,0.0,0.0,0.1928102480773201,0.0,0.0,-0.0,0.002991035580635071,-0.0029914705082774162,0.0,-4.3481122702360153e-07,100.40201568603516,100.4019775390625,790.7993774414062,790.7993774414062,790.7993774414062,550.3868408203125,0.0,0.0,34.8572998046875,0.0010999999940395355,0.02200000174343586,0.03299999609589577,78.25286865234375,5655.8173828125,114276.53125,0.02126905508339405,0.0,3.1392715754918754e-05,5121.7607421875,0.0,0.231320321559906,0.0191325880587101,0.0,0.0,34.8390007019043,0.0,0.0,1600.0,0.0,50.0,0.0,0.0,0.0,50.0,50.0,200.0,1.0,1.0,1.0000001192092896,0.0
3850.0,155.49932861328125,309.9742736816406,327.807861328125,327.8069763183594,292.1408386230469,292.1416931152344,16515.818359375,33031.63671875,66.97390747070312,66.97394561767578,1915.8577880859375,3831.611572265625,1915.844970703125,3831.5859375,288.46234130859375,59.024723052978516,-1.910346554723219e-06,0.0,0.0,2582.677978515625,1290.1259765625,0.0,34.8572998046875,2906.63720703125,11.836812973022461,11.836857795715332,971.0772094726562,1942.0587158203125,49.99989700317383,49.9998893737793,100.0,0.0,0.0,344.9919738769531,0.0,7.924896240234375,17.18410873413086,17.18499183654785,0.0,1.034000039100647,0.9067617654800415,50.0,0.09999999403953552,2.2907917499542236,0.0,0.0,0.0,0.0,0.1928102480773201,0.0,0.0,-0.0,0.002991035580635071,-0.0029914705082774162,0.0,-4.3481122702360153e-07,100.40201568603516,100.4019775390625,790.7993774414062,790.7993774414062,790.7993774414062,550.3868408203125,0.0,0.0,34.8572998046875,0.0010999999940395355,0.02200000174343586,0.03299999609589577,78.25286865234375,5655.8173828125,114276.53125,0.02126905508339405,0.0,3.1392715754918754e-05,5135.1005859375,0.0,0.231320321559906,0.0191325880587101,0.0,0.0,34.8390007019043,0.0,0.0,1600.0,0.0,50.0,0.0,0.0,0.0,50.0,50.0,200.0,1.0,1.0,1.0000001192092896,0.0
3860.0,155.49932861328125,309.9742736816406,327.807861328125,327.8069763183594,292.1408386230469,292.1416931152344,16515.818359375,33031.63671875,66.97390747070312,66.97394561767578,1915.8577880859375,3831.611572265625,1915.844970703125,3831.5859375,288.46234130859375,59.024723052978516,-1.910346554723219e-06,0.0,0.0,2582.677978515625,1290.1259765625,0.0,34.8572998046875,2906.63720703125,11.836812973022461,11.836857795715332,971.0772094726562,1942.0587158203125,49.99989700317383,49.9998893737793,100.0,0.0,0.0,344.9919738769531,0.0,7.924896240234375,17.18410873413086,17.18499183654785,0.0,1.034000039100647,0.9067617654800415,50.0,0.09999999403953552,2.2907917499542236,0.0,0.0,0.0,0.0,0.1928102480773201,0.0,0.0,-0.0,0.002991035580635071,-0.0029914705082774162,0.0,-4.3481122702360153e-07,100.40201568603516,100.4019775390625,790.7993774414062,790.7993774414062,790.7993774414062,550.3868408203125,0.0,0.0,34.8572998046875,0.0010999999940395355,0.02200000174343586,0.03299999609589577,78.25286865234375,5655.8173828125,114276.53125,0.02126905508339405,0.0,3.1392715754918754e-05,5148.4404296875,0.0,0.231320321559906,0.0191325880587101,0.0,0.0,34.8390007019043,0.0,0.0,1600.0,0.0,50.0,0.0,0.0,0.0,50.0,50.0,200.0,1.0,1.0,1.0000001192092896,0.0
3870.0,155.49932861328125,309.9742736816406,327.807861328125,327.8069763183594,292.1408386230469,292.1416931152344,16515.818359375,33031.63671875,66.97390747070312,66.97394561767578,1915.8577880859375,3831.611572265625,1915.844970703125,3831.5859375,288.46234130859375,59.024723052978516,-1.910346554723219e-06,0.0,0.0,2582.677978515625,1290.1259765625,0.0,34.8572998046875,2906.63720703125,11.836812973022461,11.836857795715332,971.0772094726562,1942.0587158203125,49.99989700317383,49.9998893737793,100.0,0.0,0.0,344.9919738769531,0.0,7.924896240234375,17.18410873413086,17.18499183654785,0.0,1.034000039100647,0.9067617654800415,50.0,0.09999999403953552,2.2907917499542236,0.0,0.0,0.0,0.0,0.1928102480773201,0.0,0.0,-0.0,0.002991035580635071,-0.0029914705082774162,0.0,-4.3481122702360153e-07,100.40201568603516,100.4019775390625,790.7993774414062,790.7993774414062,790.7993774414062,550.3868408203125,0.0,0.0,34.8572998046875,0.0010999999940395355,0.02200000174343586,0.03299999609589577,78.25286865234375,5655.8173828125,114276.53125,0.02126905508339405,0.0,3.1392715754918754e-05,5161.7802734375,0.0,0.231320321559906,0.0191325880587101,0.0,0.0,34.8390007019043,0.0,0.0,1600.0,0.0,50.0,0.0,0.0,0.0,50.0,50.0,200.0,1.0,1.0,1.0000001192092896,0.0
3880.0,155.49932861328125,309.9742736816406,327.807861328125,327.8069763183594,292.1408386230469,292.1416931152344,16515.818359375,33031.63671875,66.97390747070312,66.97394561767578,1915.8577880859375,3831.611572265625,1915.844970703125,3831.5859375,288.46234130859375,59.024723052978516,-1.910346554723219e-06,0.0,0.0,2582.677978515625,1290.1259765625,0.0,34.8572998046875,2906.63720703125,11.836812973022461,11.836857795715332,971.0772094726562,1942.0587158203125,49.99989700317383,49.9998893737793,100.0,0.0,0.0,344.9919738769531,0.0,7.924896240234375,17.18410873413086,17.18499183654785,0.0,1.034000039100647,0.9067617654800415,50.0,0.09999999403953552,2.2907917499542236,0.0,0.0,0.0,0.0,0.1928102480773201,0.0,0.0,-0.0,0.002991035580635071,-0.0029914705082774162,0.0,-4.3481122702360153e-07,100.40201568603516,100.4019775390625,790.7993774414062,790.7993774414062,790.7993774414062,550.3868408203125,0.0,0.0,34.8572998046875,0.0010999999940395355,0.02200000174343586,0.03299999609589577,78.25286865234375,5655.8173828125,114276.53125,0.02126905508339405,0.0,3.1392715754918754e-05,5175.1201171875,0.0,0.231320321559906,0.0191325880587101,0.0,0.0,34.8390007019043,0.0,0.0,1600.0,0.0,50.0,0.0,0.0,0.0,50.0,50.0,200.0,1.0,1.0,1.0000001192092896,0.0
3890.0,155.49932861328125,309.9742736816406,327.807861328125,327.8069763183594,292.1408386230469,292.1416931152344,16515.818359375,33031.63671875,66.97390747070312,66.97394561767578,1915.8577880859375,3831.611572265625,1915.844970703125,3831.5859375,288.46234130859375,59.024723052978516,-1.910346554723219e-06,0.0,0.0,2582.677978515625,1290.1259765625,0.0,34.8572998046875,2906.63720703125,11.836812973022461,11.836857795715332,971.0772094726562,1942.0587158203125,49.99989700317383,49.9998893737793,100.0,0.0,0.0,344.9919738769531,0.0,7.924896240234375,17.18410873413086,17.18499183654785,0.0,1.034000039100647,0.9067617654800415,50.0,0.09999999403953552,2.2907917499542236,0.0,0.0,0.0,0.0,0.1928102480773201,0.0,0.0,-0.0,0.002991035580635071,-0.0029914705082774162,0.0,-4.3481122702360153e-07,100.40201568603516,100.4019775390625,790.7993774414062,790.7993774414062,790.7993774414062,550.3868408203125,0.0,0.0,34.8572998046875,0.0010999999940395355,0.02200000174343586,0.03299999609589577,78.25286865234375,5655.8173828125,114276.53125,0.02126905508339405,0.0,3.1392715754918754e-05,5188.4599609375,0.0,0.231320321559906,0.0191325880587101,0.0,0.0,34.8390007019043,0.0,0.0,1600.0,0.0,50.0,0.0,0.0,0.0,50.0,50.0,200.0,1.0,1.0,1.0000001192092896,0.0
3900.0,155.49932861328125,309.9742736816406,327.807861328125,327.8069763183594,292.1408386230469,292.1416931152344,16515.818359375,33031.63671875,66.97390747070312,66.97394561767578,1915.8577880859375,3831.611572265625,1915.844970703125,3831.5859375,288.46234130859375,59.024723052978516,-1.910346554723219e-06,0.0,0.0,2582.677978515625,1290.1259765625,0.0,34.8572998046875,2906.63720703125,11.836812973022461,11.836857795715332,971.0772094726562,1942.0587158203125,49.99989700317383,49.9998893737793,100.0,0.0,0.0,344.9919738769531,0.0,7.924896240234375,17.18410873413086,17.18499183654785,0.0,1.034000039100647,0.9067617654800415,50.0,0.09999999403953552,2.2907917499542236,0.0,0.0,0.0,0.0,0.1928102480773201,0.0,0.0,-0.0,0.002991035580635071,-0.0029914705082774162,0.0,-4.3481122702360153e-07,100.40201568603516,100.4019775390625,790.7993774414062,790.7993774414062,790.7993774414062,550.3868408203125,0.0,0.0,34.8572998046875,0.0010999999940395355,0.02200000174343586,0.03299999609589577,78.25286865234375,5655.8173828125,114276.53125,0.02126905508339405,0.0,3.1392715754918754e-05,5201.7998046875,0.0,0.231320321559906,0.0191325880587101,0.0,0.0,34.8390007019043,0.0,0.0,1600.0,0.0,50.0,0.0,0.0,0.0,50.0,50.0,200.0,1.0,1.0,1.0000001192092896,0.0
3910.0,155.49932861328125,309.9742736816406,327.807861328125,327.8069763183594,292.1408386230469,292.1416931152344,16515.818359375,33031.63671875,66.97390747070312,66.97394561767578,1915.8577880859375,3831.611572265625,1915.844970703125,3831.5859375,288.46234130859375,59.024723052978516,-1.910346554723219e-06,0.0,0.0,2582.677978515625,1290.1259765625,0.0,34.8572998046875,2906.63720703125,11.836812973022461,11.836857795715332,971.0772094726562,1942.0587158203125,49.99989700317383,49.9998893737793,100.0,0.0,0.0,344.9919738769531,0.0,7.924896240234375,17.18410873413086,17.18499183654785,0.0,1.034000039100647,0.9067617654800415,50.0,0.09999999403953552,2.2907917499542236,0.0,0.0,0.0,0.0,0.1928102480773201,0.0,0.0,-0.0,0.002991035580635071,-0.0029914705082774162,0.0,-4.3481122702360153e-07,100.40201568603516,100.4019775390625,790.7993774414062,790.7993774414062,790.7993774414062,550.3868408203125,0.0,0.0,34.8572998046875,0.0010999999940395355,0.02200000174343586,0.03299999609589577,78.25286865234375,5655.8173828125,114276.53125,0.02126905508339405,0.0,3.1392715754918754e-05,5215.1396484375,0.0,0.231320321559906,0.0191325880587101,0.0,0.0,34.8390007019043,0.0,0.0,1600.0,0.0,50.0,0.0,0.0,0.0,50.0,50.0,200.0,1.0,1.0,1.0000001192092896,0.0
3920.0,155.49932861328125,309.9742736816406,327.807861328125,327.8069763183594,292.1408386230469,292.1416931152344,16515.818359375,33031.63671875,66.97390747070312,66.97394561767578,1915.8577880859375,3831.611572265625,1915.844970703125,3831.5859375,288.46234130859375,59.024723052978516,-1.910346554723219e-06,0.0,0.0,2582.677978515625,1290.1259765625,0.0,34.8572998046875,2906.63720703125,11.836812973022461,11.836857795715332,971.0772094726562,1942.0587158203125,49.99989700317383,49.9998893737793,100.0,0.0,0.0,344.9919738769531,0.0,7.924896240234375,17.18410873413086,17.18499183654785,0.0,1.034000039100647,0.9067617654800415,50.0,0.09999999403953552,2.2907917499542236,0.0,0.0,0.0,0.0,0.1928102480773201,0.0,0.0,-0.0,0.002991035580635071,-0.0029914705082774162,0.0,-4.3481122702360153e-07,100.40201568603516,100.4019775390625,790.7993774414062,790.7993774414062,790.7993774414062,550.3868408203125,0.0,0.0,34.8572998046875,0.0010999999940395355,0.02200000174343586,0.03299999609589577,78.25286865234375,5655.8173828125,114276.53125,0.02126905508339405,0.0,3.1392715754918754e-05,5228.4794921875,0.0,0.231320321559906,0.0191325880587101,0.0,0.0,34.8390007019043,0.0,0.0,1600.0,0.0,50.0,0.0,0.0,0.0,50.0,50.0,200.0,1.0,1.0,1.0000001192092896,0.0
3930.0,155.49932861328125,309.9742736816406,327.807861328125,327.8069763183594,292.1408386230469,292.1416931152344,16515.818359375,33031.63671875,66.97390747070312,66.97394561767578,1915.8577880859375,3831.611572265625,1915.844970703125,3831.5859375,288.46234130859375,59.024723052978516,-1.910346554723219e-06,0.0,0.0,2582.677978515625,1290.1259765625,0.0,34.8572998046875,2906.63720703125,11.836812973022461,11.836857795715332,971.0772094726562,1942.0587158203125,49.99989700317383,49.9998893737793,100.0,0.0,0.0,344.9919738769531,0.0,7.924896240234375,17.18410873413086,17.18499183654785,0.0,1.034000039100647,0.9067617654800415,50.0,0.09999999403953552,2.2907917499542236,0.0,0.0,0.0,0.0,0.1928102480773201,0.0,0.0,-0.0,0.002991035580635071,-0.0029914705082774162,0.0,-4.3481122702360153e-07,100.40201568603516,100.4019775390625,790.7993774414062,790.7993774414062,790.7993774414062,550.3868408203125,0.0,0.0,34.8572998046875,0.0010999999940395355,0.02200000174343586,0.03299999609589577,78.25286865234375,5655.8173828125,114276.53125,0.02126905508339405,0.0,3.1392715754918754e-05,5241.8193359375,0.0,0.231320321559906,0.0191325880587101,0.0,0.0,34.8390007019043,0.0,0.0,1600.0,0.0,50.0,0.0,0.0,0.0,50.0,50.0,200.0,1.0,1.0,1.0000001192092896,0.0
3940.0,155.49932861328125,309.9742736816406,327.807861328125,327.8069763183594,292.1408386230469,292.1416931152344,16515.818359375,33031.63671875,66.97390747070312,66.97394561767578,1915.8577880859375,3831.611572265625,1915.844970703125,3831.5859375,288.46234130859375,59.024723052978516,-1.910346554723219e-06,0.0,0.0,2582.677978515625,1290.1259765625,0.0,34.8572998046875,2906.63720703125,11.836812973022461,11.836857795715332,971.0772094726562,1942.0587158203125,49.99989700317383,49.9998893737793,100.0,0.0,0.0,344.9919738769531,0.0,7.924896240234375,17.18410873413086,17.18499183654785,0.0,1.034000039100647,0.9067617654800415,50.0,0.09999999403953552,2.2907917499542236,0.0,0.0,0.0,0.0,0.1928102480773201,0.0,0.0,-0.0,0.002991035580635071,-0.0029914705082774162,0.0,-4.3481122702360153e-07,100.40201568603516,100.4019775390625,790.7993774414062,790.7993774414062,790.7993774414062,550.3868408203125,0.0,0.0,34.8572998046875,0.0010999999940395355,0.02200000174343586,0.03299999609589577,78.25286865234375,5655.8173828125,114276.53125,0.02126905508339405,0.0,3.1392715754918754e-05,5255.1591796875,0.0,0.231320321559906,0.0191325880587101,0.0,0.0,34.8390007019043,0.0,0.0,1600.0,0.0,50.0,0.0,0.0,0.0,50.0,50.0,200.0,1.0,1.0,1.0000001192092896,0.0
3950.0,155.49932861328125,309.9742736816406,327.807861328125,327.8069763183594,292.1408386230469,292.1416931152344,16515.818359375,33031.63671875,66.97390747070312,66.97394561767578,1915.8577880859375,3831.611572265625,1915.844970703125,3831.5859375,288.46234130859375,59.024723052978516,-1.910346554723219e-06,0.0,0.0,2582.677978515625,1290.1259765625,0.0,34.8572998046875,2906.63720703125,11.836812973022461,11.836857795715332,971.0772094726562,1942.0587158203125,49.99989700317383,49.9998893737793,100.0,0.0,0.0,344.9919738769531,0.0,7.924896240234375,17.18410873413086,17.18499183654785,0.0,1.034000039100647,0.9067617654800415,50.0,0.09999999403953552,2.2907917499542236,0.0,0.0,0.0,0.0,0.1928102480773201,0.0,0.0,-0.0,0.002991035580635071,-0.0029914705082774162,0.0,-4.3481122702360153e-07,100.40201568603516,100.4019775390625,790.7993774414062,790.7993774414062,790.7993774414062,550.3868408203125,0.0,0.0,34.8572998046875,0.0010999999940395355,0.02200000174343586,0.03299999609589577,78.25286865234375,5655.8173828125,114276.53125,0.02126905508339405,0.0,3.1392715754918754e-05,5268.4990234375,0.0,0.231320321559906,0.0191325880587101,0.0,0.0,34.8390007019043,0.0,0.0,1600.0,0.0,50.0,0.0,0.0,0.0,50.0,50.0,200.0,1.0,1.0,1.0000001192092896,0.0
3960.0,155.49932861328125,309.9742736816406,327.807861328125,327.8069763183594,292.1408386230469,292.1416931152344,16515.818359375,33031.63671875,66.97390747070312,66.97394561767578,1915.8577880859375,3831.611572265625,1915.844970703125,3831.5859375,288.46234130859375,59.024723052978516,-1.910346554723219e-06,0.0,0.0,2582.677978515625,1290.1259765625,0.0,34.8572998046875,2906.63720703125,11.836812973022461,11.836857795715332,971.0772094726562,1942.0587158203125,49.99989700317383,49.9998893737793,100.0,0.0,0.0,344.9919738769531,0.0,7.924896240234375,17.18410873413086,17.18499183654785,0.0,1.034000039100647,0.9067617654800415,50.0,0.09999999403953552,2.2907917499542236,0.0,0.0,0.0,0.0,0.1928102480773201,0.0,0.0,-0.0,0.002991035580635071,-0.0029914705082774162,0.0,-4.3481122702360153e-07,100.40201568603516,100.4019775390625,790.7993774414062,790.7993774414062,790.7993774414062,550.3868408203125,0.0,0.0,34.8572998046875,0.0010999999940395355,0.02200000174343586,0.03299999609589577,78.25286865234375,5655.8173828125,114276.53125,0.02126905508339405,0.0,3.1392715754918754e-05,5281.8388671875,0.0,0.231320321559906,0.0191325880587101,0.0,0.0,34.8390007019043,0.0,0.0,1600.0,0.0,50.0,0.0,0.0,0.0,50.0,50.0,200.0,1.0,1.0,1.0000001192092896,0.0
3970.0,155.49932861328125,309.9742736816406,327.807861328125,327.8069763183594,292.1408386230469,292.1416931152344,16515.818359375,33031.63671875,66.97390747070312,66.97394561767578,1915.8577880859375,3831.611572265625,1915.844970703125,3831.5859375,288.46234130859375,59.024723052978516,-1.910346554723219e-06,0.0,0.0,2582.677978515625,1290.1259765625,0.0,34.8572998046875,2906.63720703125,11.836812973022461,11.836857795715332,971.0772094726562,1942.0587158203125,49.99989700317383,49.9998893737793,100.0,0.0,0.0,344.9919738769531,0.0,7.924896240234375,17.18410873413086,17.18499183654785,0.0,1.034000039100647,0.9067617654800415,50.0,0.09999999403953552,2.2907917499542236,0.0,0.0,0.0,0.0,0.1928102480773201,0.0,0.0,-0.0,0.002991035580635071,-0.0029914705082774162,0.0,-4.3481122702360153e-07,100.40201568603516,100.4019775390625,790.7993774414062,790.7993774414062,790.7993774414062,550.3868408203125,0.0,0.0,34.8572998046875,0.0010999999940395355,0.02200000174343586,0.03299999609589577,78.25286865234375,5655.8173828125,114276.53125,0.02126905508339405,0.0,3.1392715754918754e-05,5295.1787109375,0.0,0.231320321559906,0.0191325880587101,0.0,0.0,34.8390007019043,0.0,0.0,1600.0,0.0,50.0,0.0,0.0,0.0,50.0,50.0,200.0,1.0,1.0,1.0000001192092896,0.0
3980.0,155.49932861328125,309.9742736816406,327.807861328125,327.8069763183594,292.1408386230469,292.1416931152344,16515.818359375,33031.63671875,66.97390747070312,66.97394561767578,1915.8577880859375,3831.611572265625,1915.844970703125,3831.5859375,288.46234130859375,59.024723052978516,-1.910346554723219e-06,0.0,0.0,2582.677978515625,1290.1259765625,0.0,34.8572998046875,2906.63720703125,11.836812973022461,11.836857795715332,971.0772094726562,1942.0587158203125,49.99989700317383,49.9998893737793,100.0,0.0,0.0,344.9919738769531,0.0,7.924896240234375,17.18410873413086,17.18499183654785,0.0,1.034000039100647,0.9067617654800415,50.0,0.09999999403953552,2.2907917499542236,0.0,0.0,0.0,0.0,0.1928102480773201,0.0,0.0,-0.0,0.002991035580635071,-0.0029914705082774162,0.0,-4.3481122702360153e-07,100.40201568603516,100.4019775390625,790.7993774414062,790.7993774414062,790.7993774414062,550.3868408203125,0.0,0.0,34.8572998046875,0.0010999999940395355,0.02200000174343586,0.03299999609589577,78.25286865234375,5655.8173828125,114276.53125,0.02126905508339405,0.0,3.1392715754918754e-05,5308.5185546875,0.0,0.231320321559906,0.0191325880587101,0.0,0.0,34.8390007019043,0.0,0.0,1600.0,0.0,50.0,0.0,0.0,0.0,50.0,50.0,200.0,1.0,1.0,1.0000001192092896,0.0
3990.0,155.49932861328125,309.9742736816406,327.807861328125,327.8069763183594,292.1408386230469,292.1416931152344,16515.818359375,33031.63671875,66.97390747070312,66.97394561767578,1915.8577880859375,3831.611572265625,1915.844970703125,3831.5859375,288.46234130859375,59.024723052978516,-1.910346554723219e-06,0.0,0.0,2582.677978515625,1290.1259765625,0.0,34.8572998046875,2906.63720703125,11.836812973022461,11.836857795715332,971.0772094726562,1942.0587158203125,49.99989700317383,49.9998893737793,100.0,0.0,0.0,344.9919738769531,0.0,7.924896240234375,17.18410873413086,17.18499183654785,0.0,1.034000039100647,0.9067617654800415,50.0,0.09999999403953552,2.2907917499542236,0.0,0.0,0.0,0.0,0.1928102480773201,0.0,0.0,-0.0,0.002991035580635071,-0.0029914705082774162,0.0,-4.3481122702360153e-07,100.40201568603516,100.4019775390625,790.7993774414062,790.7993774414062,790.7993774414062,550.3868408203125,0.0,0.0,34.8572998046875,0.0010999999940395355,0.02200000174343586,0.03299999609589577,78.25286865234375,5655.8173828125,114276.53125,0.02126905508339405,0.0,3.1392715754918754e-05,5321.8583984375,0.0,0.231320321559906,0.0191325880587101,0.0,0.0,34.8390007019043,0.0,0.0,1600.0,0.0,50.0,0.0,0.0,0.0,50.0,50.0,200.0,1.0,1.0,1.0000001192092896,0.0
4000.0,155.49932861328125,309.9742736816406,327.807861328125,327.8069763183594,292.1408386230469,292.1416931152344,16515.818359375,33031.63671875,66.97390747070312,66.97394561767578,1915.8577880859375,3831.611572265625,1915.844970703125,3831.5859375,288.46234130859375,59.024723052978516,-1.910346554723219e-06,0.0,0.0,2582.677978515625,1290.1259765625,0.0,34.8572998046875,2906.63720703125,11.836812973022461,11.836857795715332,971.0772094726562,1942.0587158203125,49.99989700317383,49.9998893737793,100.0,0.0,0.0,344.9919738769531,0.0,7.924896240234375,17.18410873413086,17.18499183654785,0.0,1.034000039100647,0.9067617654800415,50.0,0.09999999403953552,2.2907917499542236,0.0,0.0,0.0,0.0,0.1928102480773201,0.0,0.0,-0.0,0.002991035580635071,-0.0029914705082774162,0.0,-4.3481122702360153e-07,100.40201568603516,100.4019775390625,790.7993774414062,790.7993774414062,790.7993774414062,550.3868408203125,0.0,0.0,34.8572998046875,0.0010999999940395355,0.02200000174343586,0.03299999609589577,78.25286865234375,5655.8173828125,114276.53125,0.02126905508339405,0.0,3.1392715754918754e-05,5335.1982421875,0.0,0.231320321559906,0.0191325880587101,0.0,0.0,34.8390007019043,0.0,0.0,1600.0,0.0,50.0,0.0,0.0,0.0,50.0,50.0,200.0,1.0,1.0,1.0000001192092896,0.0
4010.0,155.49932861328125,309.9742736816406,327.807861328125,327.8069763183594,292.1408386230469,292.1416931152344,16515.818359375,33031.63671875,66.97390747070312,66.97394561767578,1915.8577880859375,3831.611572265625,1915.844970703125,3831.5859375,288.46234130859375,59.024723052978516,-1.910346554723219e-06,0.0,0.0,2582.677978515625,1290.1259765625,0.0,34.8572998046875,2906.63720703125,11.836812973022461,11.836857795715332,971.0772094726562,1942.0587158203125,49.99989700317383,49.9998893737793,100.0,0.0,0.0,344.9919738769531,0.0,7.924896240234375,17.18410873413086,17.18499183654785,0.0,1.034000039100647,0.9067617654800415,50.0,0.09999999403953552,2.2907917499542236,0.0,0.0,0.0,0.0,0.1928102480773201,0.0,0.0,-0.0,0.002991035580635071,-0.0029914705082774162,0.0,-4.3481122702360153e-07,100.40201568603516,100.4019775390625,790.7993774414062,790.7993774414062,790.7993774414062,550.3868408203125,0.0,0.0,34.8572998046875,0.0010999999940395355,0.02200000174343586,0.03299999609589577,78.25286865234375,5655.8173828125,114276.53125,0.02126905508339405,0.0,3.1392715754918754e-05,5348.5380859375,0.0,0.231320321559906,0.0191325880587101,0.0,0.0,34.8390007019043,0.0,0.0,1600.0,0.0,50.0,0.0,0.0,0.0,50.0,50.0,200.0,1.0,1.0,1.0000001192092896,0.0
4020.0,155.49932861328125,309.9742736816406,327.807861328125,327.8069763183594,292.1408386230469,292.1416931152344,16515.818359375,33031.63671875,66.97390747070312,66.97394561767578,1915.8577880859375,3831.611572265625,1915.844970703125,3831.5859375,288.46234130859375,59.024723052978516,-1.910346554723219e-06,0.0,0.0,2582.677978515625,1290.1259765625,0.0,34.8572998046875,2906.63720703125,11.836812973022461,11.836857795715332,971.0772094726562,1942.0587158203125,49.99989700317383,49.9998893737793,100.0,0.0,0.0,344.9919738769531,0.0,7.924896240234375,17.18410873413086,17.18499183654785,0.0,1.034000039100647,0.9067617654800415,50.0,0.09999999403953552,2.2907917499542236,0.0,0.0,0.0,0.0,0.1928102480773201,0.0,0.0,-0.0,0.002991035580635071,-0.0029914705082774162,0.0,-4.3481122702360153e-07,100.40201568603516,100.4019775390625,790.7993774414062,790.7993774414062,790.7993774414062,550.3868408203125,0.0,0.0,34.8572998046875,0.0010999999940395355,0.02200000174343586,0.03299999609589577,78.25286865234375,5655.8173828125,114276.53125,0.02126905508339405,0.0,3.1392715754918754e-05,5361.8779296875,0.0,0.231320321559906,0.0191325880587101,0.0,0.0,34.8390007019043,0.0,0.0,1600.0,0.0,50.0,0.0,0.0,0.0,50.0,50.0,200.0,1.0,1.0,1.0000001192092896,0.0
4030.0,155.49932861328125,309.9742736816406,327.807861328125,327.8069763183594,292.1408386230469,292.1416931152344,16515.818359375,33031.63671875,66.97390747070312,66.97394561767578,1915.8577880859375,3831.611572265625,1915.844970703125,3831.5859375,288.46234130859375,59.024723052978516,-1.910346554723219e-06,0.0,0.0,2582.677978515625,1290.1259765625,0.0,34.8572998046875,2906.63720703125,11.836812973022461,11.836857795715332,971.0772094726562,1942.0587158203125,49.99989700317383,49.9998893737793,100.0,0.0,0.0,344.9919738769531,0.0,7.924896240234375,17.18410873413086,17.18499183654785,0.0,1.034000039100647,0.9067617654800415,50.0,0.09999999403953552,2.2907917499542236,0.0,0.0,0.0,0.0,0.1928102480773201,0.0,0.0,-0.0,0.002991035580635071,-0.0029914705082774162,0.0,-4.3481122702360153e-07,100.40201568603516,100.4019775390625,790.7993774414062,790.7993774414062,790.7993774414062,550.3868408203125,0.0,0.0,34.8572998046875,0.0010999999940395355,0.02200000174343586,0.03299999609589577,78.25286865234375,5655.8173828125,114276.53125,0.02126905508339405,0.0,3.1392715754918754e-05,5375.2177734375,0.0,0.231320321559906,0.0191325880587101,0.0,0.0,34.8390007019043,0.0,0.0,1600.0,0.0,50.0,0.0,0.0,0.0,50.0,50.0,200.0,1.0,1.0,1.0000001192092896,0.0
4040.0,155.49932861328125,309.9742736816406,327.807861328125,327.8069763183594,292.1408386230469,292.1416931152344,16515.818359375,33031.63671875,66.97390747070312,66.97394561767578,1915.8577880859375,3831.611572265625,1915.844970703125,3831.5859375,288.46234130859375,59.024723052978516,-1.910346554723219e-06,0.0,0.0,2582.677978515625,1290.1259765625,0.0,34.8572998046875,2906.63720703125,11.836812973022461,11.836857795715332,971.0772094726562,1942.0587158203125,49.99989700317383,49.9998893737793,100.0,0.0,0.0,344.9919738769531,0.0,7.924896240234375,17.18410873413086,17.18499183654785,0.0,1.034000039100647,0.9067617654800415,50.0,0.09999999403953552,2.2907917499542236,0.0,0.0,0.0,0.0,0.1928102480773201,0.0,0.0,-0.0,0.002991035580635071,-0.0029914705082774162,0.0,-4.3481122702360153e-07,100.40201568603516,100.4019775390625,790.7993774414062,790.7993774414062,790.7993774414062,550.3868408203125,0.0,0.0,34.8572998046875,0.0010999999940395355,0.02200000174343586,0.03299999609589577,78.25286865234375,5655.8173828125,114276.53125,0.02126905508339405,0.0,3.1392715754918754e-05,5388.5576171875,0.0,0.231320321559906,0.0191325880587101,0.0,0.0,34.8390007019043,0.0,0.0,1600.0,0.0,50.0,0.0,0.0,0.0,50.0,50.0,200.0,1.0,1.0,1.0000001192092896,0.0
4050.0,155.49932861328125,309.9742736816406,327.807861328125,327.8069763183594,292.1408386230469,292.1416931152344,16515.818359375,33031.63671875,66.97390747070312,66.97394561767578,1915.8577880859375,3831.611572265625,1915.844970703125,3831.5859375,288.46234130859375,59.024723052978516,-1.910346554723219e-06,0.0,0.0,2582.677978515625,1290.1259765625,0.0,34.8572998046875,2906.63720703125,11.836812973022461,11.836857795715332,971.0772094726562,1942.0587158203125,49.99989700317383,49.9998893737793,100.0,0.0,0.0,344.9919738769531,0.0,7.924896240234375,17.18410873413086,17.18499183654785,0.0,1.034000039100647,0.9067617654800415,50.0,0.09999999403953552,2.2907917499542236,0.0,0.0,0.0,0.0,0.1928102480773201,0.0,0.0,-0.0,0.002991035580635071,-0.0029914705082774162,0.0,-4.3481122702360153e-07,100.40201568603516,100.4019775390625,790.7993774414062,790.7993774414062,790.7993774414062,550.3868408203125,0.0,0.0,34.8572998046875,0.0010999999940395355,0.02200000174343586,0.03299999609589577,78.25286865234375,5655.8173828125,114276.53125,0.02126905508339405,0.0,3.1392715754918754e-05,5401.8974609375,0.0,0.231320321559906,0.0191325880587101,0.0,0.0,34.8390007019043,0.0,0.0,1600.0,0.0,50.0,0.0,0.0,0.0,50.0,50.0,200.0,1.0,1.0,1.0000001192092896,0.0
4060.0,155.49932861328125,309.9742736816406,327.807861328125,327.8069763183594,292.1408386230469,292.1416931152344,16515.818359375,33031.63671875,66.97390747070312,66.97394561767578,1915.8577880859375,3831.611572265625,1915.844970703125,3831.5859375,288.46234130859375,59.024723052978516,-1.910346554723219e-06,0.0,0.0,2582.677978515625,1290.1259765625,0.0,34.8572998046875,2906.63720703125,11.836812973022461,11.836857795715332,971.0772094726562,1942.0587158203125,49.99989700317383,49.9998893737793,100.0,0.0,0.0,344.9919738769531,0.0,7.924896240234375,17.18410873413086,17.18499183654785,0.0,1.034000039100647,0.9067617654800415,50.0,0.09999999403953552,2.2907917499542236,0.0,0.0,0.0,0.0,0.1928102480773201,0.0,0.0,-0.0,0.002991035580635071,-0.0029914705082774162,0.0,-4.3481122702360153e-07,100.40201568603516,100.4019775390625,790.7993774414062,790.7993774414062,790.7993774414062,550.3868408203125,0.0,0.0,34.8572998046875,0.0010999999940395355,0.02200000174343586,0.03299999609589577,78.25286865234375,5655.8173828125,114276.53125,0.02126905508339405,0.0,3.1392715754918754e-05,5415.2373046875,0.0,0.231320321559906,0.0191325880587101,0.0,0.0,34.8390007019043,0.0,0.0,1600.0,0.0,50.0,0.0,0.0,0.0,50.0,50.0,200.0,1.0,1.0,1.0000001192092896,0.0
4070.0,155.49932861328125,309.9742736816406,327.807861328125,327.8069763183594,292.1408386230469,292.1416931152344,16515.818359375,33031.63671875,66.97390747070312,66.97394561767578,1915.8577880859375,3831.611572265625,1915.844970703125,3831.5859375,288.46234130859375,59.024723052978516,-1.910346554723219e-06,0.0,0.0,2582.677978515625,1290.1259765625,0.0,34.8572998046875,2906.63720703125,11.836812973022461,11.836857795715332,971.0772094726562,1942.0587158203125,49.99989700317383,49.9998893737793,100.0,0.0,0.0,344.9919738769531,0.0,7.924896240234375,17.18410873413086,17.18499183654785,0.0,1.034000039100647,0.9067617654800415,50.0,0.09999999403953552,2.2907917499542236,0.0,0.0,0.0,0.0,0.1928102480773201,0.0,0.0,-0.0,0.002991035580635071,-0.0029914705082774162,0.0,-4.3481122702360153e-07,100.40201568603516,100.4019775390625,790.7993774414062,790.7993774414062,790.7993774414062,550.3868408203125,0.0,0.0,34.8572998046875,0.0010999999940395355,0.02200000174343586,0.03299999609589577,78.25286865234375,5655.8173828125,114276.53125,0.02126905508339405,0.0,3.1392715754918754e-05,5428.5771484375,0.0,0.231320321559906,0.0191325880587101,0.0,0.0,34.8390007019043,0.0,0.0,1600.0,0.0,50.0,0.0,0.0,0.0,50.0,50.0,200.0,1.0,1.0,1.0000001192092896,0.0
4080.0,155.49932861328125,309.9742736816406,327.807861328125,327.8069763183594,292.1408386230469,292.1416931152344,16515.818359375,33031.63671875,66.97390747070312,66.97394561767578,1915.8577880859375,3831.611572265625,1915.844970703125,3831.5859375,288.46234130859375,59.024723052978516,-1.910346554723219e-06,0.0,0.0,2582.677978515625,1290.1259765625,0.0,34.8572998046875,2906.63720703125,11.836812973022461,11.836857795715332,971.0772094726562,1942.0587158203125,49.99989700317383,49.9998893737793,100.0,0.0,0.0,344.9919738769531,0.0,7.924896240234375,17.18410873413086,17.18499183654785,0.0,1.034000039100647,0.9067617654800415,50.0,0.09999999403953552,2.2907917499542236,0.0,0.0,0.0,0.0,0.1928102480773201,0.0,0.0,-0.0,0.002991035580635071,-0.0029914705082774162,0.0,-4.3481122702360153e-07,100.40201568603516,100.4019775390625,790.7993774414062,790.7993774414062,790.7993774414062,550.3868408203125,0.0,0.0,34.8572998046875,0.0010999999940395355,0.02200000174343586,0.03299999609589577,78.25286865234375,5655.8173828125,114276.53125,0.02126905508339405,0.0,3.1392715754918754e-05,5441.9169921875,0.0,0.231320321559906,0.0191325880587101,0.0,0.0,34.8390007019043,0.0,0.0,1600.0,0.0,50.0,0.0,0.0,0.0,50.0,50.0,200.0,1.0,1.0,1.0000001192092896,0.0
4090.0,155.49932861328125,309.9742736816406,327.807861328125,327.8069763183594,292.1408386230469,292.1416931152344,16515.818359375,33031.63671875,66.97390747070312,66.97394561767578,1915.8577880859375,3831.611572265625,1915.844970703125,3831.5859375,288.46234130859375,59.024723052978516,-1.910346554723219e-06,0.0,0.0,2582.677978515625,1290.1259765625,0.0,34.8572998046875,2906.63720703125,11.836812973022461,11.836857795715332,971.0772094726562,1942.0587158203125,49.99989700317383,49.9998893737793,100.0,0.0,0.0,344.9919738769531,0.0,7.924896240234375,17.18410873413086,17.18499183654785,0.0,1.034000039100647,0.9067617654800415,50.0,0.09999999403953552,2.2907917499542236,0.0,0.0,0.0,0.0,0.1928102480773201,0.0,0.0,-0.0,0.002991035580635071,-0.0029914705082774162,0.0,-4.3481122702360153e-07,100.40201568603516,100.4019775390625,790.7993774414062,790.7993774414062,790.7993774414062,550.3868408203125,0.0,0.0,34.8572998046875,0.0010999999940395355,0.02200000174343586,0.03299999609589577,78.25286865234375,5655.8173828125,114276.53125,0.02126905508339405,0.0,3.1392715754918754e-05,5455.2568359375,0.0,0.231320321559906,0.0191325880587101,0.0,0.0,34.8390007019043,0.0,0.0,1600.0,0.0,50.0,0.0,0.0,0.0,50.0,50.0,200.0,1.0,1.0,1.0000001192092896,0.0
4100.0,155.49932861328125,309.9742736816406,327.807861328125,327.8069763183594,292.1408386230469,292.1416931152344,16515.818359375,33031.63671875,66.97390747070312,66.97394561767578,1915.8577880859375,3831.611572265625,1915.844970703125,3831.5859375,288.46234130859375,59.024723052978516,-1.910346554723219e-06,0.0,0.0,2582.677978515625,1290.1259765625,0.0,34.8572998046875,2906.63720703125,11.836812973022461,11.836857795715332,971.0772094726562,1942.0587158203125,49.99989700317383,49.9998893737793,100.0,0.0,0.0,344.9919738769531,0.0,7.924896240234375,17.18410873413086,17.18499183654785,0.0,1.034000039100647,0.9067617654800415,50.0,0.09999999403953552,2.2907917499542236,0.0,0.0,0.0,0.0,0.1928102480773201,0.0,0.0,-0.0,0.002991035580635071,-0.0029914705082774162,0.0,-4.3481122702360153e-07,100.40201568603516,100.4019775390625,790.7993774414062,790.7993774414062,790.7993774414062,550.3868408203125,0.0,0.0,34.8572998046875,0.0010999999940395355,0.02200000174343586,0.03299999609589577,78.25286865234375,5655.8173828125,114276.53125,0.02126905508339405,0.0,3.1392715754918754e-05,5468.5966796875,0.0,0.231320321559906,0.0191325880587101,0.0,0.0,34.8390007019043,0.0,0.0,1600.0,0.0,50.0,0.0,0.0,0.0,50.0,50.0,200.0,1.0,1.0,1.0000001192092896,0.0
4110.0,155.49932861328125,309.9742736816406,327.807861328125,327.8069763183594,292.1408386230469,292.1416931152344,16515.818359375,33031.63671875,66.97390747070312,66.97394561767578,1915.8577880859375,3831.611572265625,1915.844970703125,3831.5859375,288.46234130859375,59.024723052978516,-1.910346554723219e-06,0.0,0.0,2582.677978515625,1290.1259765625,0.0,34.8572998046875,2906.63720703125,11.836812973022461,11.836857795715332,971.0772094726562,1942.0587158203125,49.99989700317383,49.9998893737793,100.0,0.0,0.0,344.9919738769531,0.0,7.924896240234375,17.18410873413086,17.18499183654785,0.0,1.034000039100647,0.9067617654800415,50.0,0.09999999403953552,2.2907917499542236,0.0,0.0,0.0,0.0,0.1928102480773201,0.0,0.0,-0.0,0.002991035580635071,-0.0029914705082774162,0.0,-4.3481122702360153e-07,100.40201568603516,100.4019775390625,790.7993774414062,790.7993774414062,790.7993774414062,550.3868408203125,0.0,0.0,34.8572998046875,0.0010999999940395355,0.02200000174343586,0.03299999609589577,78.25286865234375,5655.8173828125,114276.53125,0.02126905508339405,0.0,3.1392715754918754e-05,5481.9365234375,0.0,0.231320321559906,0.0191325880587101,0.0,0.0,34.8390007019043,0.0,0.0,1600.0,0.0,50.0,0.0,0.0,0.0,50.0,50.0,200.0,1.0,1.0,1.0000001192092896,0.0
4120.0,155.49932861328125,309.9742736816406,327.807861328125,327.8069763183594,292.1408386230469,292.1416931152344,16515.818359375,33031.63671875,66.97390747070312,66.97394561767578,1915.8577880859375,3831.611572265625,1915.844970703125,3831.5859375,288.46234130859375,59.024723052978516,-1.910346554723219e-06,0.0,0.0,2582.677978515625,1290.1259765625,0.0,34.8572998046875,2906.63720703125,11.836812973022461,11.836857795715332,971.0772094726562,1942.0587158203125,49.99989700317383,49.9998893737793,100.0,0.0,0.0,344.9919738769531,0.0,7.924896240234375,17.18410873413086,17.18499183654785,0.0,1.034000039100647,0.9067617654800415,50.0,0.09999999403953552,2.2907917499542236,0.0,0.0,0.0,0.0,0.1928102480773201,0.0,0.0,-0.0,0.002991035580635071,-0.0029914705082774162,0.0,-4.3481122702360153e-07,100.40201568603516,100.4019775390625,790.7993774414062,790.7993774414062,790.7993774414062,550.3868408203125,0.0,0.0,34.8572998046875,0.0010999999940395355,0.02200000174343586,0.03299999609589577,78.25286865234375,5655.8173828125,114276.53125,0.02126905508339405,0.0,3.1392715754918754e-05,5495.2763671875,0.0,0.231320321559906,0.0191325880587101,0.0,0.0,34.8390007019043,0.0,0.0,1600.0,0.0,50.0,0.0,0.0,0.0,50.0,50.0,200.0,1.0,1.0,1.0000001192092896,0.0
4130.0,155.49932861328125,309.9742736816406,327.807861328125,327.8069763183594,292.1408386230469,292.1416931152344,16515.818359375,33031.63671875,66.97390747070312,66.97394561767578,1915.8577880859375,3831.611572265625,1915.844970703125,3831.5859375,288.46234130859375,59.024723052978516,-1.910346554723219e-06,0.0,0.0,2582.677978515625,1290.1259765625,0.0,34.8572998046875,2906.63720703125,11.836812973022461,11.836857795715332,971.0772094726562,1942.0587158203125,49.99989700317383,49.9998893737793,100.0,0.0,0.0,344.9919738769531,0.0,7.924896240234375,17.18410873413086,17.18499183654785,0.0,1.034000039100647,0.9067617654800415,50.0,0.09999999403953552,2.2907917499542236,0.0,0.0,0.0,0.0,0.1928102480773201,0.0,0.0,-0.0,0.002991035580635071,-0.0029914705082774162,0.0,-4.3481122702360153e-07,100.40201568603516,100.4019775390625,790.7993774414062,790.7993774414062,790.7993774414062,550.3868408203125,0.0,0.0,34.8572998046875,0.0010999999940395355,0.02200000174343586,0.03299999609589577,78.25286865234375,5655.8173828125,114276.53125,0.02126905508339405,0.0,3.1392715754918754e-05,5508.6162109375,0.0,0.231320321559906,0.0191325880587101,0.0,0.0,34.8390007019043,0.0,0.0,1600.0,0.0,50.0,0.0,0.0,0.0,50.0,50.0,200.0,1.0,1.0,1.0000001192092896,0.0
4140.0,155.49932861328125,309.9742736816406,327.807861328125,327.8069763183594,292.1408386230469,292.1416931152344,16515.818359375,33031.63671875,66.97390747070312,66.97394561767578,1915.8577880859375,3831.611572265625,1915.844970703125,3831.5859375,288.46234130859375,59.024723052978516,-1.910346554723219e-06,0.0,0.0,2582.677978515625,1290.1259765625,0.0,34.8572998046875,2906.63720703125,11.836812973022461,11.836857795715332,971.0772094726562,1942.0587158203125,49.99989700317383,49.9998893737793,100.0,0.0,0.0,344.9919738769531,0.0,7.924896240234375,17.18410873413086,17.18499183654785,0.0,1.034000039100647,0.9067617654800415,50.0,0.09999999403953552,2.2907917499542236,0.0,0.0,0.0,0.0,0.1928102480773201,0.0,0.0,-0.0,0.002991035580635071,-0.0029914705082774162,0.0,-4.3481122702360153e-07,100.40201568603516,100.4019775390625,790.7993774414062,790.7993774414062,790.7993774414062,550.3868408203125,0.0,0.0,34.8572998046875,0.0010999999940395355,0.02200000174343586,0.03299999609589577,78.25286865234375,5655.8173828125,114276.53125,0.02126905508339405,0.0,3.1392715754918754e-05,5521.9560546875,0.0,0.231320321559906,0.0191325880587101,0.0,0.0,34.8390007019043,0.0,0.0,1600.0,0.0,50.0,0.0,0.0,0.0,50.0,50.0,200.0,1.0,1.0,1.0000001192092896,0.0
4150.0,155.49932861328125,309.9742736816406,327.807861328125,327.8069763183594,292.1408386230469,292.1416931152344,16515.818359375,33031.63671875,66.97390747070312,66.97394561767578,1915.8577880859375,3831.611572265625,1915.844970703125,3831.5859375,288.46234130859375,59.024723052978516,-1.910346554723219e-06,0.0,0.0,2582.677978515625,1290.1259765625,0.0,34.8572998046875,2906.63720703125,11.836812973022461,11.836857795715332,971.0772094726562,1942.0587158203125,49.99989700317383,49.9998893737793,100.0,0.0,0.0,344.9919738769531,0.0,7.924896240234375,17.18410873413086,17.18499183654785,0.0,1.034000039100647,0.9067617654800415,50.0,0.09999999403953552,2.2907917499542236,0.0,0.0,0.0,0.0,0.1928102480773201,0.0,0.0,-0.0,0.002991035580635071,-0.0029914705082774162,0.0,-4.3481122702360153e-07,100.40201568603516,100.4019775390625,790.7993774414062,790.7993774414062,790.7993774414062,550.3868408203125,0.0,0.0,34.8572998046875,0.0010999999940395355,0.02200000174343586,0.03299999609589577,78.25286865234375,5655.8173828125,114276.53125,0.02126905508339405,0.0,3.1392715754918754e-05,5535.2958984375,0.0,0.231320321559906,0.0191325880587101,0.0,0.0,34.8390007019043,0.0,0.0,1600.0,0.0,50.0,0.0,0.0,0.0,50.0,50.0,200.0,1.0,1.0,1.0000001192092896,0.0
4160.0,155.49932861328125,309.9742736816406,327.807861328125,327.8069763183594,292.1408386230469,292.1416931152344,16515.818359375,33031.63671875,66.97390747070312,66.97394561767578,1915.8577880859375,3831.611572265625,1915.844970703125,3831.5859375,288.46234130859375,59.024723052978516,-1.910346554723219e-06,0.0,0.0,2582.677978515625,1290.1259765625,0.0,34.8572998046875,2906.63720703125,11.836812973022461,11.836857795715332,971.0772094726562,1942.0587158203125,49.99989700317383,49.9998893737793,100.0,0.0,0.0,344.9919738769531,0.0,7.924896240234375,17.18410873413086,17.18499183654785,0.0,1.034000039100647,0.9067617654800415,50.0,0.09999999403953552,2.2907917499542236,0.0,0.0,0.0,0.0,0.1928102480773201,0.0,0.0,-0.0,0.002991035580635071,-0.0029914705082774162,0.0,-4.3481122702360153e-07,100.40201568603516,100.4019775390625,790.7993774414062,790.7993774414062,790.7993774414062,550.3868408203125,0.0,0.0,34.8572998046875,0.0010999999940395355,0.02200000174343586,0.03299999609589577,78.25286865234375,5655.8173828125,114276.53125,0.02126905508339405,0.0,3.1392715754918754e-05,5548.6357421875,0.0,0.231320321559906,0.0191325880587101,0.0,0.0,34.8390007019043,0.0,0.0,1600.0,0.0,50.0,0.0,0.0,0.0,50.0,50.0,200.0,1.0,1.0,1.0000001192092896,0.0
4170.0,155.49932861328125,309.9742736816406,327.807861328125,327.8069763183594,292.1408386230469,292.1416931152344,16515.818359375,33031.63671875,66.97390747070312,66.97394561767578,1915.8577880859375,3831.611572265625,1915.844970703125,3831.5859375,288.46234130859375,59.024723052978516,-1.910346554723219e-06,0.0,0.0,2582.677978515625,1290.1259765625,0.0,34.8572998046875,2906.63720703125,11.836812973022461,11.836857795715332,971.0772094726562,1942.0587158203125,49.99989700317383,49.9998893737793,100.0,0.0,0.0,344.9919738769531,0.0,7.924896240234375,17.18410873413086,17.18499183654785,0.0,1.034000039100647,0.9067617654800415,50.0,0.09999999403953552,2.2907917499542236,0.0,0.0,0.0,0.0,0.1928102480773201,0.0,0.0,-0.0,0.002991035580635071,-0.0029914705082774162,0.0,-4.3481122702360153e-07,100.40201568603516,100.4019775390625,790.7993774414062,790.7993774414062,790.7993774414062,550.3868408203125,0.0,0.0,34.8572998046875,0.0010999999940395355,0.02200000174343586,0.03299999609589577,78.25286865234375,5655.8173828125,114276.53125,0.02126905508339405,0.0,3.1392715754918754e-05,5561.9755859375,0.0,0.231320321559906,0.0191325880587101,0.0,0.0,34.8390007019043,0.0,0.0,1600.0,0.0,50.0,0.0,0.0,0.0,50.0,50.0,200.0,1.0,1.0,1.0000001192092896,0.0
4180.0,155.49932861328125,309.9742736816406,327.807861328125,327.8069763183594,292.1408386230469,292.1416931152344,16515.818359375,33031.63671875,66.97390747070312,66.97394561767578,1915.8577880859375,3831.611572265625,1915.844970703125,3831.5859375,288.46234130859375,59.024723052978516,-1.910346554723219e-06,0.0,0.0,2582.677978515625,1290.1259765625,0.0,34.8572998046875,2906.63720703125,11.836812973022461,11.836857795715332,971.0772094726562,1942.0587158203125,49.99989700317383,49.9998893737793,100.0,0.0,0.0,344.9919738769531,0.0,7.924896240234375,17.18410873413086,17.18499183654785,0.0,1.034000039100647,0.9067617654800415,50.0,0.09999999403953552,2.2907917499542236,0.0,0.0,0.0,0.0,0.1928102480773201,0.0,0.0,-0.0,0.002991035580635071,-0.0029914705082774162,0.0,-4.3481122702360153e-07,100.40201568603516,100.4019775390625,790.7993774414062,790.7993774414062,790.7993774414062,550.3868408203125,0.0,0.0,34.8572998046875,0.0010999999940395355,0.02200000174343586,0.03299999609589577,78.25286865234375,5655.8173828125,114276.53125,0.02126905508339405,0.0,3.1392715754918754e-05,5575.3154296875,0.0,0.231320321559906,0.0191325880587101,0.0,0.0,34.8390007019043,0.0,0.0,1600.0,0.0,50.0,0.0,0.0,0.0,50.0,50.0,200.0,1.0,1.0,1.0000001192092896,0.0
4190.0,155.49932861328125,309.9742736816406,327.807861328125,327.8069763183594,292.1408386230469,292.1416931152344,16515.818359375,33031.63671875,66.97390747070312,66.97394561767578,1915.8577880859375,3831.611572265625,1915.844970703125,3831.5859375,288.46234130859375,59.024723052978516,-1.910346554723219e-06,0.0,0.0,2582.677978515625,1290.1259765625,0.0,34.8572998046875,2906.63720703125,11.836812973022461,11.836857795715332,971.0772094726562,1942.0587158203125,49.99989700317383,49.9998893737793,100.0,0.0,0.0,344.9919738769531,0.0,7.924896240234375,17.18410873413086,17.18499183654785,0.0,1.034000039100647,0.9067617654800415,50.0,0.09999999403953552,2.2907917499542236,0.0,0.0,0.0,0.0,0.1928102480773201,0.0,0.0,-0.0,0.002991035580635071,-0.0029914705082774162,0.0,-4.3481122702360153e-07,100.40201568603516,100.4019775390625,790.7993774414062,790.7993774414062,790.7993774414062,550.3868408203125,0.0,0.0,34.8572998046875,0.0010999999940395355,0.02200000174343586,0.03299999609589577,78.25286865234375,5655.8173828125,114276.53125,0.02126905508339405,0.0,3.1392715754918754e-05,5588.6552734375,0.0,0.231320321559906,0.0191325880587101,0.0,0.0,34.8390007019043,0.0,0.0,1600.0,0.0,50.0,0.0,0.0,0.0,50.0,50.0,200.0,1.0,1.0,1.0000001192092896,0.0
4200.0,155.49932861328125,309.9742736816406,327.807861328125,327.8069763183594,292.1408386230469,292.1416931152344,16515.818359375,33031.63671875,66.97390747070312,66.97394561767578,1915.8577880859375,3831.611572265625,1915.844970703125,3831.5859375,288.46234130859375,59.024723052978516,-1.910346554723219e-06,0.0,0.0,2582.677978515625,1290.1259765625,0.0,34.8572998046875,2906.63720703125,11.836812973022461,11.836857795715332,971.0772094726562,1942.0587158203125,49.99989700317383,49.9998893737793,100.0,0.0,0.0,344.9919738769531,0.0,7.924896240234375,17.18410873413086,17.18499183654785,0.0,1.034000039100647,0.9067617654800415,50.0,0.09999999403953552,2.2907917499542236,0.0,0.0,0.0,0.0,0.1928102480773201,0.0,0.0,-0.0,0.002991035580635071,-0.0029914705082774162,0.0,-4.3481122702360153e-07,100.40201568603516,100.4019775390625,790.7993774414062,790.7993774414062,790.7993774414062,550.3868408203125,0.0,0.0,34.8572998046875,0.0010999999940395355,0.02200000174343586,0.03299999609589577,78.25286865234375,5655.8173828125,114276.53125,0.02126905508339405,0.0,3.1392715754918754e-05,5601.9951171875,0.0,0.231320321559906,0.0191325880587101,0.0,0.0,34.8390007019043,0.0,0.0,1600.0,0.0,50.0,0.0,0.0,0.0,50.0,50.0,200.0,1.0,1.0,1.0000001192092896,0.0
4210.0,155.49932861328125,309.9742736816406,327.807861328125,327.8069763183594,292.1408386230469,292.1416931152344,16515.818359375,33031.63671875,66.97390747070312,66.97394561767578,1915.8577880859375,3831.611572265625,1915.844970703125,3831.5859375,288.46234130859375,59.024723052978516,-1.910346554723219e-06,0.0,0.0,2582.677978515625,1290.1259765625,0.0,34.8572998046875,2906.63720703125,11.836812973022461,11.836857795715332,971.0772094726562,1942.0587158203125,49.99989700317383,49.9998893737793,100.0,0.0,0.0,344.9919738769531,0.0,7.924896240234375,17.18410873413086,17.18499183654785,0.0,1.034000039100647,0.9067617654800415,50.0,0.09999999403953552,2.2907917499542236,0.0,0.0,0.0,0.0,0.1928102480773201,0.0,0.0,-0.0,0.002991035580635071,-0.0029914705082774162,0.0,-4.3481122702360153e-07,100.40201568603516,100.4019775390625,790.7993774414062,790.7993774414062,790.7993774414062,550.3868408203125,0.0,0.0,34.8572998046875,0.0010999999940395355,0.02200000174343586,0.03299999609589577,78.25286865234375,5655.8173828125,114276.53125,0.02126905508339405,0.0,3.1392715754918754e-05,5615.3349609375,0.0,0.231320321559906,0.0191325880587101,0.0,0.0,34.8390007019043,0.0,0.0,1600.0,0.0,50.0,0.0,0.0,0.0,50.0,50.0,200.0,1.0,1.0,1.0000001192092896,0.0
4220.0,155.49932861328125,309.9742736816406,327.807861328125,327.8069763183594,292.1408386230469,292.1416931152344,16515.818359375,33031.63671875,66.97390747070312,66.97394561767578,1915.8577880859375,3831.611572265625,1915.844970703125,3831.5859375,288.46234130859375,59.024723052978516,-1.910346554723219e-06,0.0,0.0,2582.677978515625,1290.1259765625,0.0,34.8572998046875,2906.63720703125,11.836812973022461,11.836857795715332,971.0772094726562,1942.0587158203125,49.99989700317383,49.9998893737793,100.0,0.0,0.0,344.9919738769531,0.0,7.924896240234375,17.18410873413086,17.18499183654785,0.0,1.034000039100647,0.9067617654800415,50.0,0.09999999403953552,2.2907917499542236,0.0,0.0,0.0,0.0,0.1928102480773201,0.0,0.0,-0.0,0.002991035580635071,-0.0029914705082774162,0.0,-4.3481122702360153e-07,100.40201568603516,100.4019775390625,790.7993774414062,790.7993774414062,790.7993774414062,550.3868408203125,0.0,0.0,34.8572998046875,0.0010999999940395355,0.02200000174343586,0.03299999609589577,78.25286865234375,5655.8173828125,114276.53125,0.02126905508339405,0.0,3.1392715754918754e-05,5628.6748046875,0.0,0.231320321559906,0.0191325880587101,0.0,0.0,34.8390007019043,0.0,0.0,1600.0,0.0,50.0,0.0,0.0,0.0,50.0,50.0,200.0,1.0,1.0,1.0000001192092896,0.0
4230.0,155.49932861328125,309.9742736816406,327.807861328125,327.8069763183594,292.1408386230469,292.1416931152344,16515.818359375,33031.63671875,66.97390747070312,66.97394561767578,1915.8577880859375,3831.611572265625,1915.844970703125,3831.5859375,288.46234130859375,59.024723052978516,-1.910346554723219e-06,0.0,0.0,2582.677978515625,1290.1259765625,0.0,34.8572998046875,2906.63720703125,11.836812973022461,11.836857795715332,971.0772094726562,1942.0587158203125,49.99989700317383,49.9998893737793,100.0,0.0,0.0,344.9919738769531,0.0,7.924896240234375,17.18410873413086,17.18499183654785,0.0,1.034000039100647,0.9067617654800415,50.0,0.09999999403953552,2.2907917499542236,0.0,0.0,0.0,0.0,0.1928102480773201,0.0,0.0,-0.0,0.002991035580635071,-0.0029914705082774162,0.0,-4.3481122702360153e-07,100.40201568603516,100.4019775390625,790.7993774414062,790.7993774414062,790.7993774414062,550.3868408203125,0.0,0.0,34.8572998046875,0.0010999999940395355,0.02200000174343586,0.03299999609589577,78.25286865234375,5655.8173828125,114276.53125,0.02126905508339405,0.0,3.1392715754918754e-05,5642.0146484375,0.0,0.231320321559906,0.0191325880587101,0.0,0.0,34.8390007019043,0.0,0.0,1600.0,0.0,50.0,0.0,0.0,0.0,50.0,50.0,200.0,1.0,1.0,1.0000001192092896,0.0
4240.0,155.49932861328125,309.9742736816406,327.807861328125,327.8069763183594,292.1408386230469,292.1416931152344,16515.818359375,33031.63671875,66.97390747070312,66.97394561767578,1915.8577880859375,3831.611572265625,1915.844970703125,3831.5859375,288.46234130859375,59.024723052978516,-1.910346554723219e-06,0.0,0.0,2582.677978515625,1290.1259765625,0.0,34.8572998046875,2906.63720703125,11.836812973022461,11.836857795715332,971.0772094726562,1942.0587158203125,49.99989700317383,49.9998893737793,100.0,0.0,0.0,344.9919738769531,0.0,7.924896240234375,17.18410873413086,17.18499183654785,0.0,1.034000039100647,0.9067617654800415,50.0,0.09999999403953552,2.2907917499542236,0.0,0.0,0.0,0.0,0.1928102480773201,0.0,0.0,-0.0,0.002991035580635071,-0.0029914705082774162,0.0,-4.3481122702360153e-07,100.40201568603516,100.4019775390625,790.7993774414062,790.7993774414062,790.7993774414062,550.3868408203125,0.0,0.0,34.8572998046875,0.0010999999940395355,0.02200000174343586,0.03299999609589577,78.25286865234375,5655.8173828125,114276.53125,0.02126905508339405,0.0,3.1392715754918754e-05,5655.3544921875,0.0,0.231320321559906,0.0191325880587101,0.0,0.0,34.8390007019043,0.0,0.0,1600.0,0.0,50.0,0.0,0.0,0.0,50.0,50.0,200.0,1.0,1.0,1.0000001192092896,0.0
4250.0,155.49932861328125,309.9742736816406,327.807861328125,327.8069763183594,292.1408386230469,292.1416931152344,16515.818359375,33031.63671875,66.97390747070312,66.97394561767578,1915.8577880859375,3831.611572265625,1915.844970703125,3831.5859375,288.46234130859375,59.024723052978516,-1.910346554723219e-06,0.0,0.0,2582.677978515625,1290.1259765625,0.0,34.8572998046875,2906.63720703125,11.836812973022461,11.836857795715332,971.0772094726562,1942.0587158203125,49.99989700317383,49.9998893737793,100.0,0.0,0.0,344.9919738769531,0.0,7.924896240234375,17.18410873413086,17.18499183654785,0.0,1.034000039100647,0.9067617654800415,50.0,0.09999999403953552,2.2907917499542236,0.0,0.0,0.0,0.0,0.1928102480773201,0.0,0.0,-0.0,0.002991035580635071,-0.0029914705082774162,0.0,-4.3481122702360153e-07,100.40201568603516,100.4019775390625,790.7993774414062,790.7993774414062,790.7993774414062,550.3868408203125,0.0,0.0,34.8572998046875,0.0010999999940395355,0.02200000174343586,0.03299999609589577,78.25286865234375,5655.8173828125,114276.53125,0.02126905508339405,0.0,3.1392715754918754e-05,5668.6943359375,0.0,0.231320321559906,0.0191325880587101,0.0,0.0,34.8390007019043,0.0,0.0,1600.0,0.0,50.0,0.0,0.0,0.0,50.0,50.0,200.0,1.0,1.0,1.0000001192092896,0.0
4260.0,155.49932861328125,309.9742736816406,327.807861328125,327.8069763183594,292.1408386230469,292.1416931152344,16515.818359375,33031.63671875,66.97390747070312,66.97394561767578,1915.8577880859375,3831.611572265625,1915.844970703125,3831.5859375,288.46234130859375,59.024723052978516,-1.910346554723219e-06,0.0,0.0,2582.677978515625,1290.1259765625,0.0,34.8572998046875,2906.63720703125,11.836812973022461,11.836857795715332,971.0772094726562,1942.0587158203125,49.99989700317383,49.9998893737793,100.0,0.0,0.0,344.9919738769531,0.0,7.924896240234375,17.18410873413086,17.18499183654785,0.0,1.034000039100647,0.9067617654800415,50.0,0.09999999403953552,2.2907917499542236,0.0,0.0,0.0,0.0,0.1928102480773201,0.0,0.0,-0.0,0.002991035580635071,-0.0029914705082774162,0.0,-4.3481122702360153e-07,100.40201568603516,100.4019775390625,790.7993774414062,790.7993774414062,790.7993774414062,550.3868408203125,0.0,0.0,34.8572998046875,0.0010999999940395355,0.02200000174343586,0.03299999609589577,78.25286865234375,5655.8173828125,114276.53125,0.02126905508339405,0.0,3.1392715754918754e-05,5682.0341796875,0.0,0.231320321559906,0.0191325880587101,0.0,0.0,34.8390007019043,0.0,0.0,1600.0,0.0,50.0,0.0,0.0,0.0,50.0,50.0,200.0,1.0,1.0,1.0000001192092896,0.0
4270.0,155.49932861328125,309.9742736816406,327.807861328125,327.8069763183594,292.1408386230469,292.1416931152344,16515.818359375,33031.63671875,66.97390747070312,66.97394561767578,1915.8577880859375,3831.611572265625,1915.844970703125,3831.5859375,288.46234130859375,59.024723052978516,-1.910346554723219e-06,0.0,0.0,2582.677978515625,1290.1259765625,0.0,34.8572998046875,2906.63720703125,11.836812973022461,11.836857795715332,971.0772094726562,1942.0587158203125,49.99989700317383,49.9998893737793,100.0,0.0,0.0,344.9919738769531,0.0,7.924896240234375,17.18410873413086,17.18499183654785,0.0,1.034000039100647,0.9067617654800415,50.0,0.09999999403953552,2.2907917499542236,0.0,0.0,0.0,0.0,0.1928102480773201,0.0,0.0,-0.0,0.002991035580635071,-0.0029914705082774162,0.0,-4.3481122702360153e-07,100.40201568603516,100.4019775390625,790.7993774414062,790.7993774414062,790.7993774414062,550.3868408203125,0.0,0.0,34.8572998046875,0.0010999999940395355,0.02200000174343586,0.03299999609589577,78.25286865234375,5655.8173828125,114276.53125,0.02126905508339405,0.0,3.1392715754918754e-05,5695.3740234375,0.0,0.231320321559906,0.0191325880587101,0.0,0.0,34.8390007019043,0.0,0.0,1600.0,0.0,50.0,0.0,0.0,0.0,50.0,50.0,200.0,1.0,1.0,1.0000001192092896,0.0
4280.0,155.49932861328125,309.9742736816406,327.807861328125,327.8069763183594,292.1408386230469,292.1416931152344,16515.818359375,33031.63671875,66.97390747070312,66.97394561767578,1915.8577880859375,3831.611572265625,1915.844970703125,3831.5859375,288.46234130859375,59.024723052978516,-1.910346554723219e-06,0.0,0.0,2582.677978515625,1290.1259765625,0.0,34.8572998046875,2906.63720703125,11.836812973022461,11.836857795715332,971.0772094726562,1942.0587158203125,49.99989700317383,49.9998893737793,100.0,0.0,0.0,344.9919738769531,0.0,7.924896240234375,17.18410873413086,17.18499183654785,0.0,1.034000039100647,0.9067617654800415,50.0,0.09999999403953552,2.2907917499542236,0.0,0.0,0.0,0.0,0.1928102480773201,0.0,0.0,-0.0,0.002991035580635071,-0.0029914705082774162,0.0,-4.3481122702360153e-07,100.40201568603516,100.4019775390625,790.7993774414062,790.7993774414062,790.7993774414062,550.3868408203125,0.0,0.0,34.8572998046875,0.0010999999940395355,0.02200000174343586,0.03299999609589577,78.25286865234375,5655.8173828125,114276.53125,0.02126905508339405,0.0,3.1392715754918754e-05,5708.7138671875,0.0,0.231320321559906,0.0191325880587101,0.0,0.0,34.8390007019043,0.0,0.0,1600.0,0.0,50.0,0.0,0.0,0.0,50.0,50.0,200.0,1.0,1.0,1.0000001192092896,0.0
4290.0,155.49932861328125,309.9742736816406,327.807861328125,327.8069763183594,292.1408386230469,292.1416931152344,16515.818359375,33031.63671875,66.97390747070312,66.97394561767578,1915.8577880859375,3831.611572265625,1915.844970703125,3831.5859375,288.46234130859375,59.024723052978516,-1.910346554723219e-06,0.0,0.0,2582.677978515625,1290.1259765625,0.0,34.8572998046875,2906.63720703125,11.836812973022461,11.836857795715332,971.0772094726562,1942.0587158203125,49.99989700317383,49.9998893737793,100.0,0.0,0.0,344.9919738769531,0.0,7.924896240234375,17.18410873413086,17.18499183654785,0.0,1.034000039100647,0.9067617654800415,50.0,0.09999999403953552,2.2907917499542236,0.0,0.0,0.0,0.0,0.1928102480773201,0.0,0.0,-0.0,0.002991035580635071,-0.0029914705082774162,0.0,-4.3481122702360153e-07,100.40201568603516,100.4019775390625,790.7993774414062,790.7993774414062,790.7993774414062,550.3868408203125,0.0,0.0,34.8572998046875,0.0010999999940395355,0.02200000174343586,0.03299999609589577,78.25286865234375,5655.8173828125,114276.53125,0.02126905508339405,0.0,3.1392715754918754e-05,5722.0537109375,0.0,0.231320321559906,0.0191325880587101,0.0,0.0,34.8390007019043,0.0,0.0,1600.0,0.0,50.0,0.0,0.0,0.0,50.0,50.0,200.0,1.0,1.0,1.0000001192092896,0.0
4300.0,155.49932861328125,309.9742736816406,327.807861328125,327.8069763183594,292.1408386230469,292.1416931152344,16515.818359375,33031.63671875,66.97390747070312,66.97394561767578,1915.8577880859375,3831.611572265625,1915.844970703125,3831.5859375,288.46234130859375,59.024723052978516,-1.910346554723219e-06,0.0,0.0,2582.677978515625,1290.1259765625,0.0,34.8572998046875,2906.63720703125,11.836812973022461,11.836857795715332,971.0772094726562,1942.0587158203125,49.99989700317383,49.9998893737793,100.0,0.0,0.0,344.9919738769531,0.0,7.924896240234375,17.18410873413086,17.18499183654785,0.0,1.034000039100647,0.9067617654800415,50.0,0.09999999403953552,2.2907917499542236,0.0,0.0,0.0,0.0,0.1928102480773201,0.0,0.0,-0.0,0.002991035580635071,-0.0029914705082774162,0.0,-4.3481122702360153e-07,100.40201568603516,100.4019775390625,790.7993774414062,790.7993774414062,790.7993774414062,550.3868408203125,0.0,0.0,34.8572998046875,0.0010999999940395355,0.02200000174343586,0.03299999609589577,78.25286865234375,5655.8173828125,114276.53125,0.02126905508339405,0.0,3.1392715754918754e-05,5735.3935546875,0.0,0.231320321559906,0.0191325880587101,0.0,0.0,34.8390007019043,0.0,0.0,1600.0,0.0,50.0,0.0,0.0,0.0,50.0,50.0,200.0,1.0,1.0,1.0000001192092896,0.0
4310.0,155.49932861328125,309.9742736816406,327.807861328125,327.8069763183594,292.1408386230469,292.1416931152344,16515.818359375,33031.63671875,66.97390747070312,66.97394561767578,1915.8577880859375,3831.611572265625,1915.844970703125,3831.5859375,288.46234130859375,59.024723052978516,-1.910346554723219e-06,0.0,0.0,2582.677978515625,1290.1259765625,0.0,34.8572998046875,2906.63720703125,11.836812973022461,11.836857795715332,971.0772094726562,1942.0587158203125,49.99989700317383,49.9998893737793,100.0,0.0,0.0,344.9919738769531,0.0,7.924896240234375,17.18410873413086,17.18499183654785,0.0,1.034000039100647,0.9067617654800415,50.0,0.09999999403953552,2.2907917499542236,0.0,0.0,0.0,0.0,0.1928102480773201,0.0,0.0,-0.0,0.002991035580635071,-0.0029914705082774162,0.0,-4.3481122702360153e-07,100.40201568603516,100.4019775390625,790.7993774414062,790.7993774414062,790.7993774414062,550.3868408203125,0.0,0.0,34.8572998046875,0.0010999999940395355,0.02200000174343586,0.03299999609589577,78.25286865234375,5655.8173828125,114276.53125,0.02126905508339405,0.0,3.1392715754918754e-05,5748.7333984375,0.0,0.231320321559906,0.0191325880587101,0.0,0.0,34.8390007019043,0.0,0.0,1600.0,0.0,50.0,0.0,0.0,0.0,50.0,50.0,200.0,1.0,1.0,1.0000001192092896,0.0
4320.0,155.49932861328125,309.9742736816406,327.807861328125,327.8069763183594,292.1408386230469,292.1416931152344,16515.818359375,33031.63671875,66.97390747070312,66.97394561767578,1915.8577880859375,3831.611572265625,1915.844970703125,3831.5859375,288.46234130859375,59.024723052978516,-1.910346554723219e-06,0.0,0.0,2582.677978515625,1290.1259765625,0.0,34.8572998046875,2906.63720703125,11.836812973022461,11.836857795715332,971.0772094726562,1942.0587158203125,49.99989700317383,49.9998893737793,100.0,0.0,0.0,344.9919738769531,0.0,7.924896240234375,17.18410873413086,17.18499183654785,0.0,1.034000039100647,0.9067617654800415,50.0,0.09999999403953552,2.2907917499542236,0.0,0.0,0.0,0.0,0.1928102480773201,0.0,0.0,-0.0,0.002991035580635071,-0.0029914705082774162,0.0,-4.3481122702360153e-07,100.40201568603516,100.4019775390625,790.7993774414062,790.7993774414062,790.7993774414062,550.3868408203125,0.0,0.0,34.8572998046875,0.0010999999940395355,0.02200000174343586,0.03299999609589577,78.25286865234375,5655.8173828125,114276.53125,0.02126905508339405,0.0,3.1392715754918754e-05,5762.0732421875,0.0,0.231320321559906,0.0191325880587101,0.0,0.0,34.8390007019043,0.0,0.0,1600.0,0.0,50.0,0.0,0.0,0.0,50.0,50.0,200.0,1.0,1.0,1.0000001192092896,0.0
4330.0,155.49932861328125,309.9742736816406,327.807861328125,327.8069763183594,292.1408386230469,292.1416931152344,16515.818359375,33031.63671875,66.97390747070312,66.97394561767578,1915.8577880859375,3831.611572265625,1915.844970703125,3831.5859375,288.46234130859375,59.024723052978516,-1.910346554723219e-06,0.0,0.0,2582.677978515625,1290.1259765625,0.0,34.8572998046875,2906.63720703125,11.836812973022461,11.836857795715332,971.0772094726562,1942.0587158203125,49.99989700317383,49.9998893737793,100.0,0.0,0.0,344.9919738769531,0.0,7.924896240234375,17.18410873413086,17.18499183654785,0.0,1.034000039100647,0.9067617654800415,50.0,0.09999999403953552,2.2907917499542236,0.0,0.0,0.0,0.0,0.1928102480773201,0.0,0.0,-0.0,0.002991035580635071,-0.0029914705082774162,0.0,-4.3481122702360153e-07,100.40201568603516,100.4019775390625,790.7993774414062,790.7993774414062,790.7993774414062,550.3868408203125,0.0,0.0,34.8572998046875,0.0010999999940395355,0.02200000174343586,0.03299999609589577,78.25286865234375,5655.8173828125,114276.53125,0.02126905508339405,0.0,3.1392715754918754e-05,5775.4130859375,0.0,0.231320321559906,0.0191325880587101,0.0,0.0,34.8390007019043,0.0,0.0,1600.0,0.0,50.0,0.0,0.0,0.0,50.0,50.0,200.0,1.0,1.0,1.0000001192092896,0.0
4340.0,155.49932861328125,309.9742736816406,327.807861328125,327.8069763183594,292.1408386230469,292.1416931152344,16515.818359375,33031.63671875,66.97390747070312,66.97394561767578,1915.8577880859375,3831.611572265625,1915.844970703125,3831.5859375,288.46234130859375,59.024723052978516,-1.910346554723219e-06,0.0,0.0,2582.677978515625,1290.1259765625,0.0,34.8572998046875,2906.63720703125,11.836812973022461,11.836857795715332,971.0772094726562,1942.0587158203125,49.99989700317383,49.9998893737793,100.0,0.0,0.0,344.9919738769531,0.0,7.924896240234375,17.18410873413086,17.18499183654785,0.0,1.034000039100647,0.9067617654800415,50.0,0.09999999403953552,2.2907917499542236,0.0,0.0,0.0,0.0,0.1928102480773201,0.0,0.0,-0.0,0.002991035580635071,-0.0029914705082774162,0.0,-4.3481122702360153e-07,100.40201568603516,100.4019775390625,790.7993774414062,790.7993774414062,790.7993774414062,550.3868408203125,0.0,0.0,34.8572998046875,0.0010999999940395355,0.02200000174343586,0.03299999609589577,78.25286865234375,5655.8173828125,114276.53125,0.02126905508339405,0.0,3.1392715754918754e-05,5788.7529296875,0.0,0.231320321559906,0.0191325880587101,0.0,0.0,34.8390007019043,0.0,0.0,1600.0,0.0,50.0,0.0,0.0,0.0,50.0,50.0,200.0,1.0,1.0,1.0000001192092896,0.0
4350.0,155.49932861328125,309.9742736816406,327.807861328125,327.8069763183594,292.1408386230469,292.1416931152344,16515.818359375,33031.63671875,66.97390747070312,66.97394561767578,1915.8577880859375,3831.611572265625,1915.844970703125,3831.5859375,288.46234130859375,59.024723052978516,-1.910346554723219e-06,0.0,0.0,2582.677978515625,1290.1259765625,0.0,34.8572998046875,2906.63720703125,11.836812973022461,11.836857795715332,971.0772094726562,1942.0587158203125,49.99989700317383,49.9998893737793,100.0,0.0,0.0,344.9919738769531,0.0,7.924896240234375,17.18410873413086,17.18499183654785,0.0,1.034000039100647,0.9067617654800415,50.0,0.09999999403953552,2.2907917499542236,0.0,0.0,0.0,0.0,0.1928102480773201,0.0,0.0,-0.0,0.002991035580635071,-0.0029914705082774162,0.0,-4.3481122702360153e-07,100.40201568603516,100.4019775390625,790.7993774414062,790.7993774414062,790.7993774414062,550.3868408203125,0.0,0.0,34.8572998046875,0.0010999999940395355,0.02200000174343586,0.03299999609589577,78.25286865234375,5655.8173828125,114276.53125,0.02126905508339405,0.0,3.1392715754918754e-05,5802.0927734375,0.0,0.231320321559906,0.0191325880587101,0.0,0.0,34.8390007019043,0.0,0.0,1600.0,0.0,50.0,0.0,0.0,0.0,50.0,50.0,200.0,1.0,1.0,1.0000001192092896,0.0
4360.0,155.49932861328125,309.9742736816406,327.807861328125,327.8069763183594,292.1408386230469,292.1416931152344,16515.818359375,33031.63671875,66.97390747070312,66.97394561767578,1915.8577880859375,3831.611572265625,1915.844970703125,3831.5859375,288.46234130859375,59.024723052978516,-1.910346554723219e-06,0.0,0.0,2582.677978515625,1290.1259765625,0.0,34.8572998046875,2906.63720703125,11.836812973022461,11.836857795715332,971.0772094726562,1942.0587158203125,49.99989700317383,49.9998893737793,100.0,0.0,0.0,344.9919738769531,0.0,7.924896240234375,17.18410873413086,17.18499183654785,0.0,1.034000039100647,0.9067617654800415,50.0,0.09999999403953552,2.2907917499542236,0.0,0.0,0.0,0.0,0.1928102480773201,0.0,0.0,-0.0,0.002991035580635071,-0.0029914705082774162,0.0,-4.3481122702360153e-07,100.40201568603516,100.4019775390625,790.7993774414062,790.7993774414062,790.7993774414062,550.3868408203125,0.0,0.0,34.8572998046875,0.0010999999940395355,0.02200000174343586,0.03299999609589577,78.25286865234375,5655.8173828125,114276.53125,0.02126905508339405,0.0,3.1392715754918754e-05,5815.4326171875,0.0,0.231320321559906,0.0191325880587101,0.0,0.0,34.8390007019043,0.0,0.0,1600.0,0.0,50.0,0.0,0.0,0.0,50.0,50.0,200.0,1.0,1.0,1.0000001192092896,0.0
4370.0,155.49932861328125,309.9742736816406,327.807861328125,327.8069763183594,292.1408386230469,292.1416931152344,16515.818359375,33031.63671875,66.97390747070312,66.97394561767578,1915.8577880859375,3831.611572265625,1915.844970703125,3831.5859375,288.46234130859375,59.024723052978516,-1.910346554723219e-06,0.0,0.0,2582.677978515625,1290.1259765625,0.0,34.8572998046875,2906.63720703125,11.836812973022461,11.836857795715332,971.0772094726562,1942.0587158203125,49.99989700317383,49.9998893737793,100.0,0.0,0.0,344.9919738769531,0.0,7.924896240234375,17.18410873413086,17.18499183654785,0.0,1.034000039100647,0.9067617654800415,50.0,0.09999999403953552,2.2907917499542236,0.0,0.0,0.0,0.0,0.1928102480773201,0.0,0.0,-0.0,0.002991035580635071,-0.0029914705082774162,0.0,-4.3481122702360153e-07,100.40201568603516,100.4019775390625,790.7993774414062,790.7993774414062,790.7993774414062,550.3868408203125,0.0,0.0,34.8572998046875,0.0010999999940395355,0.02200000174343586,0.03299999609589577,78.25286865234375,5655.8173828125,114276.53125,0.02126905508339405,0.0,3.1392715754918754e-05,5828.7724609375,0.0,0.231320321559906,0.0191325880587101,0.0,0.0,34.8390007019043,0.0,0.0,1600.0,0.0,50.0,0.0,0.0,0.0,50.0,50.0,200.0,1.0,1.0,1.0000001192092896,0.0
4380.0,155.49932861328125,309.9742736816406,327.807861328125,327.8069763183594,292.1408386230469,292.1416931152344,16515.818359375,33031.63671875,66.97390747070312,66.97394561767578,1915.8577880859375,3831.611572265625,1915.844970703125,3831.5859375,288.46234130859375,59.024723052978516,-1.910346554723219e-06,0.0,0.0,2582.677978515625,1290.1259765625,0.0,34.8572998046875,2906.63720703125,11.836812973022461,11.836857795715332,971.0772094726562,1942.0587158203125,49.99989700317383,49.9998893737793,100.0,0.0,0.0,344.9919738769531,0.0,7.924896240234375,17.18410873413086,17.18499183654785,0.0,1.034000039100647,0.9067617654800415,50.0,0.09999999403953552,2.2907917499542236,0.0,0.0,0.0,0.0,0.1928102480773201,0.0,0.0,-0.0,0.002991035580635071,-0.0029914705082774162,0.0,-4.3481122702360153e-07,100.40201568603516,100.4019775390625,790.7993774414062,790.7993774414062,790.7993774414062,550.3868408203125,0.0,0.0,34.8572998046875,0.0010999999940395355,0.02200000174343586,0.03299999609589577,78.25286865234375,5655.8173828125,114276.53125,0.02126905508339405,0.0,3.1392715754918754e-05,5842.1123046875,0.0,0.231320321559906,0.0191325880587101,0.0,0.0,34.8390007019043,0.0,0.0,1600.0,0.0,50.0,0.0,0.0,0.0,50.0,50.0,200.0,1.0,1.0,1.0000001192092896,0.0
4390.0,155.49932861328125,309.9742736816406,327.807861328125,327.8069763183594,292.1408386230469,292.1416931152344,16515.818359375,33031.63671875,66.97390747070312,66.97394561767578,1915.8577880859375,3831.611572265625,1915.844970703125,3831.5859375,288.46234130859375,59.024723052978516,-1.910346554723219e-06,0.0,0.0,2582.677978515625,1290.1259765625,0.0,34.8572998046875,2906.63720703125,11.836812973022461,11.836857795715332,971.0772094726562,1942.0587158203125,49.99989700317383,49.9998893737793,100.0,0.0,0.0,344.9919738769531,0.0,7.924896240234375,17.18410873413086,17.18499183654785,0.0,1.034000039100647,0.9067617654800415,50.0,0.09999999403953552,2.2907917499542236,0.0,0.0,0.0,0.0,0.1928102480773201,0.0,0.0,-0.0,0.002991035580635071,-0.0029914705082774162,0.0,-4.3481122702360153e-07,100.40201568603516,100.4019775390625,790.7993774414062,790.7993774414062,790.7993774414062,550.3868408203125,0.0,0.0,34.8572998046875,0.0010999999940395355,0.02200000174343586,0.03299999609589577,78.25286865234375,5655.8173828125,114276.53125,0.02126905508339405,0.0,3.1392715754918754e-05,5855.4521484375,0.0,0.231320321559906,0.0191325880587101,0.0,0.0,34.8390007019043,0.0,0.0,1600.0,0.0,50.0,0.0,0.0,0.0,50.0,50.0,200.0,1.0,1.0,1.0000001192092896,0.0
4400.0,155.49932861328125,309.9742736816406,327.807861328125,327.8069763183594,292.1408386230469,292.1416931152344,16515.818359375,33031.63671875,66.97390747070312,66.97394561767578,1915.8577880859375,3831.611572265625,1915.844970703125,3831.5859375,288.46234130859375,59.024723052978516,-1.910346554723219e-06,0.0,0.0,2582.677978515625,1290.1259765625,0.0,34.8572998046875,2906.63720703125,11.836812973022461,11.836857795715332,971.0772094726562,1942.0587158203125,49.99989700317383,49.9998893737793,100.0,0.0,0.0,344.9919738769531,0.0,7.924896240234375,17.18410873413086,17.18499183654785,0.0,1.034000039100647,0.9067617654800415,50.0,0.09999999403953552,2.2907917499542236,0.0,0.0,0.0,0.0,0.1928102480773201,0.0,0.0,-0.0,0.002991035580635071,-0.0029914705082774162,0.0,-4.3481122702360153e-07,100.40201568603516,100.4019775390625,790.7993774414062,790.7993774414062,790.7993774414062,550.3868408203125,0.0,0.0,34.8572998046875,0.0010999999940395355,0.02200000174343586,0.03299999609589577,78.25286865234375,5655.8173828125,114276.53125,0.02126905508339405,0.0,3.1392715754918754e-05,5868.7919921875,0.0,0.231320321559906,0.0191325880587101,0.0,0.0,34.8390007019043,0.0,0.0,1600.0,0.0,50.0,0.0,0.0,0.0,50.0,50.0,200.0,1.0,1.0,1.0000001192092896,0.0
4410.0,155.49932861328125,309.9742736816406,327.807861328125,327.8069763183594,292.1408386230469,292.1416931152344,16515.818359375,33031.63671875,66.97390747070312,66.97394561767578,1915.8577880859375,3831.611572265625,1915.844970703125,3831.5859375,288.46234130859375,59.024723052978516,-1.910346554723219e-06,0.0,0.0,2582.677978515625,1290.1259765625,0.0,34.8572998046875,2906.63720703125,11.836812973022461,11.836857795715332,971.0772094726562,1942.0587158203125,49.99989700317383,49.9998893737793,100.0,0.0,0.0,344.9919738769531,0.0,7.924896240234375,17.18410873413086,17.18499183654785,0.0,1.034000039100647,0.9067617654800415,50.0,0.09999999403953552,2.2907917499542236,0.0,0.0,0.0,0.0,0.1928102480773201,0.0,0.0,-0.0,0.002991035580635071,-0.0029914705082774162,0.0,-4.3481122702360153e-07,100.40201568603516,100.4019775390625,790.7993774414062,790.7993774414062,790.7993774414062,550.3868408203125,0.0,0.0,34.8572998046875,0.0010999999940395355,0.02200000174343586,0.03299999609589577,78.25286865234375,5655.8173828125,114276.53125,0.02126905508339405,0.0,3.1392715754918754e-05,5882.1318359375,0.0,0.231320321559906,0.0191325880587101,0.0,0.0,34.8390007019043,0.0,0.0,1600.0,0.0,50.0,0.0,0.0,0.0,50.0,50.0,200.0,1.0,1.0,1.0000001192092896,0.0
4420.0,155.49932861328125,309.9742736816406,327.807861328125,327.8069763183594,292.1408386230469,292.1416931152344,16515.818359375,33031.63671875,66.97390747070312,66.97394561767578,1915.8577880859375,3831.611572265625,1915.844970703125,3831.5859375,288.46234130859375,59.024723052978516,-1.910346554723219e-06,0.0,0.0,2582.677978515625,1290.1259765625,0.0,34.8572998046875,2906.63720703125,11.836812973022461,11.836857795715332,971.0772094726562,1942.0587158203125,49.99989700317383,49.9998893737793,100.0,0.0,0.0,344.9919738769531,0.0,7.924896240234375,17.18410873413086,17.18499183654785,0.0,1.034000039100647,0.9067617654800415,50.0,0.09999999403953552,2.2907917499542236,0.0,0.0,0.0,0.0,0.1928102480773201,0.0,0.0,-0.0,0.002991035580635071,-0.0029914705082774162,0.0,-4.3481122702360153e-07,100.40201568603516,100.4019775390625,790.7993774414062,790.7993774414062,790.7993774414062,550.3868408203125,0.0,0.0,34.8572998046875,0.0010999999940395355,0.02200000174343586,0.03299999609589577,78.25286865234375,5655.8173828125,114276.53125,0.02126905508339405,0.0,3.1392715754918754e-05,5895.4716796875,0.0,0.231320321559906,0.0191325880587101,0.0,0.0,34.8390007019043,0.0,0.0,1600.0,0.0,50.0,0.0,0.0,0.0,50.0,50.0,200.0,1.0,1.0,1.0000001192092896,0.0
4430.0,155.49932861328125,309.9742736816406,327.807861328125,327.8069763183594,292.1408386230469,292.1416931152344,16515.818359375,33031.63671875,66.97390747070312,66.97394561767578,1915.8577880859375,3831.611572265625,1915.844970703125,3831.5859375,288.46234130859375,59.024723052978516,-1.910346554723219e-06,0.0,0.0,2582.677978515625,1290.1259765625,0.0,34.8572998046875,2906.63720703125,11.836812973022461,11.836857795715332,971.0772094726562,1942.0587158203125,49.99989700317383,49.9998893737793,100.0,0.0,0.0,344.9919738769531,0.0,7.924896240234375,17.18410873413086,17.18499183654785,0.0,1.034000039100647,0.9067617654800415,50.0,0.09999999403953552,2.2907917499542236,0.0,0.0,0.0,0.0,0.1928102480773201,0.0,0.0,-0.0,0.002991035580635071,-0.0029914705082774162,0.0,-4.3481122702360153e-07,100.40201568603516,100.4019775390625,790.7993774414062,790.7993774414062,790.7993774414062,550.3868408203125,0.0,0.0,34.8572998046875,0.0010999999940395355,0.02200000174343586,0.03299999609589577,78.25286865234375,5655.8173828125,114276.53125,0.02126905508339405,0.0,3.1392715754918754e-05,5908.8115234375,0.0,0.231320321559906,0.0191325880587101,0.0,0.0,34.8390007019043,0.0,0.0,1600.0,0.0,50.0,0.0,0.0,0.0,50.0,50.0,200.0,1.0,1.0,1.0000001192092896,0.0
4440.0,155.49932861328125,309.9742736816406,327.807861328125,327.8069763183594,292.1408386230469,292.1416931152344,16515.818359375,33031.63671875,66.97390747070312,66.97394561767578,1915.8577880859375,3831.611572265625,1915.844970703125,3831.5859375,288.46234130859375,59.024723052978516,-1.910346554723219e-06,0.0,0.0,2582.677978515625,1290.1259765625,0.0,34.8572998046875,2906.63720703125,11.836812973022461,11.836857795715332,971.0772094726562,1942.0587158203125,49.99989700317383,49.9998893737793,100.0,0.0,0.0,344.9919738769531,0.0,7.924896240234375,17.18410873413086,17.18499183654785,0.0,1.034000039100647,0.9067617654800415,50.0,0.09999999403953552,2.2907917499542236,0.0,0.0,0.0,0.0,0.1928102480773201,0.0,0.0,-0.0,0.002991035580635071,-0.0029914705082774162,0.0,-4.3481122702360153e-07,100.40201568603516,100.4019775390625,790.7993774414062,790.7993774414062,790.7993774414062,550.3868408203125,0.0,0.0,34.8572998046875,0.0010999999940395355,0.02200000174343586,0.03299999609589577,78.25286865234375,5655.8173828125,114276.53125,0.02126905508339405,0.0,3.1392715754918754e-05,5922.1513671875,0.0,0.231320321559906,0.0191325880587101,0.0,0.0,34.8390007019043,0.0,0.0,1600.0,0.0,50.0,0.0,0.0,0.0,50.0,50.0,200.0,1.0,1.0,1.0000001192092896,0.0
4450.0,155.49932861328125,309.9742736816406,327.807861328125,327.8069763183594,292.1408386230469,292.1416931152344,16515.818359375,33031.63671875,66.97390747070312,66.97394561767578,1915.8577880859375,3831.611572265625,1915.844970703125,3831.5859375,288.46234130859375,59.024723052978516,-1.910346554723219e-06,0.0,0.0,2582.677978515625,1290.1259765625,0.0,34.8572998046875,2906.63720703125,11.836812973022461,11.836857795715332,971.0772094726562,1942.0587158203125,49.99989700317383,49.9998893737793,100.0,0.0,0.0,344.9919738769531,0.0,7.924896240234375,17.18410873413086,17.18499183654785,0.0,1.034000039100647,0.9067617654800415,50.0,0.09999999403953552,2.2907917499542236,0.0,0.0,0.0,0.0,0.1928102480773201,0.0,0.0,-0.0,0.002991035580635071,-0.0029914705082774162,0.0,-4.3481122702360153e-07,100.40201568603516,100.4019775390625,790.7993774414062,790.7993774414062,790.7993774414062,550.3868408203125,0.0,0.0,34.8572998046875,0.0010999999940395355,0.02200000174343586,0.03299999609589577,78.25286865234375,5655.8173828125,114276.53125,0.02126905508339405,0.0,3.1392715754918754e-05,5935.4912109375,0.0,0.231320321559906,0.0191325880587101,0.0,0.0,34.8390007019043,0.0,0.0,1600.0,0.0,50.0,0.0,0.0,0.0,50.0,50.0,200.0,1.0,1.0,1.0000001192092896,0.0
4460.0,155.49932861328125,309.9742736816406,327.807861328125,327.8069763183594,292.1408386230469,292.1416931152344,16515.818359375,33031.63671875,66.97390747070312,66.97394561767578,1915.8577880859375,3831.611572265625,1915.844970703125,3831.5859375,288.46234130859375,59.024723052978516,-1.910346554723219e-06,0.0,0.0,2582.677978515625,1290.1259765625,0.0,34.8572998046875,2906.63720703125,11.836812973022461,11.836857795715332,971.0772094726562,1942.0587158203125,49.99989700317383,49.9998893737793,100.0,0.0,0.0,344.9919738769531,0.0,7.924896240234375,17.18410873413086,17.18499183654785,0.0,1.034000039100647,0.9067617654800415,50.0,0.09999999403953552,2.2907917499542236,0.0,0.0,0.0,0.0,0.1928102480773201,0.0,0.0,-0.0,0.002991035580635071,-0.0029914705082774162,0.0,-4.3481122702360153e-07,100.40201568603516,100.4019775390625,790.7993774414062,790.7993774414062,790.7993774414062,550.3868408203125,0.0,0.0,34.8572998046875,0.0010999999940395355,0.02200000174343586,0.03299999609589577,78.25286865234375,5655.8173828125,114276.53125,0.02126905508339405,0.0,3.1392715754918754e-05,5948.8310546875,0.0,0.231320321559906,0.0191325880587101,0.0,0.0,34.8390007019043,0.0,0.0,1600.0,0.0,50.0,0.0,0.0,0.0,50.0,50.0,200.0,1.0,1.0,1.0000001192092896,0.0
4470.0,155.49932861328125,309.9742736816406,327.807861328125,327.8069763183594,292.1408386230469,292.1416931152344,16515.818359375,33031.63671875,66.97390747070312,66.97394561767578,1915.8577880859375,3831.611572265625,1915.844970703125,3831.5859375,288.46234130859375,59.024723052978516,-1.910346554723219e-06,0.0,0.0,2582.677978515625,1290.1259765625,0.0,34.8572998046875,2906.63720703125,11.836812973022461,11.836857795715332,971.0772094726562,1942.0587158203125,49.99989700317383,49.9998893737793,100.0,0.0,0.0,344.9919738769531,0.0,7.924896240234375,17.18410873413086,17.18499183654785,0.0,1.034000039100647,0.9067617654800415,50.0,0.09999999403953552,2.2907917499542236,0.0,0.0,0.0,0.0,0.1928102480773201,0.0,0.0,-0.0,0.002991035580635071,-0.0029914705082774162,0.0,-4.3481122702360153e-07,100.40201568603516,100.4019775390625,790.7993774414062,790.7993774414062,790.7993774414062,550.3868408203125,0.0,0.0,34.8572998046875,0.0010999999940395355,0.02200000174343586,0.03299999609589577,78.25286865234375,5655.8173828125,114276.53125,0.02126905508339405,0.0,3.1392715754918754e-05,5962.1708984375,0.0,0.231320321559906,0.0191325880587101,0.0,0.0,34.8390007019043,0.0,0.0,1600.0,0.0,50.0,0.0,0.0,0.0,50.0,50.0,200.0,1.0,1.0,1.0000001192092896,0.0
4480.0,155.49932861328125,309.9742736816406,327.807861328125,327.8069763183594,292.1408386230469,292.1416931152344,16515.818359375,33031.63671875,66.97390747070312,66.97394561767578,1915.8577880859375,3831.611572265625,1915.844970703125,3831.5859375,288.46234130859375,59.024723052978516,-1.910346554723219e-06,0.0,0.0,2582.677978515625,1290.1259765625,0.0,34.8572998046875,2906.63720703125,11.836812973022461,11.836857795715332,971.0772094726562,1942.0587158203125,49.99989700317383,49.9998893737793,100.0,0.0,0.0,344.9919738769531,0.0,7.924896240234375,17.18410873413086,17.18499183654785,0.0,1.034000039100647,0.9067617654800415,50.0,0.09999999403953552,2.2907917499542236,0.0,0.0,0.0,0.0,0.1928102480773201,0.0,0.0,-0.0,0.002991035580635071,-0.0029914705082774162,0.0,-4.3481122702360153e-07,100.40201568603516,100.4019775390625,790.7993774414062,790.7993774414062,790.7993774414062,550.3868408203125,0.0,0.0,34.8572998046875,0.0010999999940395355,0.02200000174343586,0.03299999609589577,78.25286865234375,5655.8173828125,114276.53125,0.02126905508339405,0.0,3.1392715754918754e-05,5975.5107421875,0.0,0.231320321559906,0.0191325880587101,0.0,0.0,34.8390007019043,0.0,0.0,1600.0,0.0,50.0,0.0,0.0,0.0,50.0,50.0,200.0,1.0,1.0,1.0000001192092896,0.0
4490.0,155.49932861328125,309.9742736816406,327.807861328125,327.8069763183594,292.1408386230469,292.1416931152344,16515.818359375,33031.63671875,66.97390747070312,66.97394561767578,1915.8577880859375,3831.611572265625,1915.844970703125,3831.5859375,288.46234130859375,59.024723052978516,-1.910346554723219e-06,0.0,0.0,2582.677978515625,1290.1259765625,0.0,34.8572998046875,2906.63720703125,11.836812973022461,11.836857795715332,971.0772094726562,1942.0587158203125,49.99989700317383,49.9998893737793,100.0,0.0,0.0,344.9919738769531,0.0,7.924896240234375,17.18410873413086,17.18499183654785,0.0,1.034000039100647,0.9067617654800415,50.0,0.09999999403953552,2.2907917499542236,0.0,0.0,0.0,0.0,0.1928102480773201,0.0,0.0,-0.0,0.002991035580635071,-0.0029914705082774162,0.0,-4.3481122702360153e-07,100.40201568603516,100.4019775390625,790.7993774414062,790.7993774414062,790.7993774414062,550.3868408203125,0.0,0.0,34.8572998046875,0.0010999999940395355,0.02200000174343586,0.03299999609589577,78.25286865234375,5655.8173828125,114276.53125,0.02126905508339405,0.0,3.1392715754918754e-05,5988.8505859375,0.0,0.231320321559906,0.0191325880587101,0.0,0.0,34.8390007019043,0.0,0.0,1600.0,0.0,50.0,0.0,0.0,0.0,50.0,50.0,200.0,1.0,1.0,1.0000001192092896,0.0
4500.0,155.49932861328125,309.9742736816406,327.807861328125,327.8069763183594,292.1408386230469,292.1416931152344,16515.818359375,33031.63671875,66.97390747070312,66.97394561767578,1915.8577880859375,3831.611572265625,1915.844970703125,3831.5859375,288.46234130859375,59.024723052978516,-1.910346554723219e-06,0.0,0.0,2582.677978515625,1290.1259765625,0.0,34.8572998046875,2906.63720703125,11.836812973022461,11.836857795715332,971.0772094726562,1942.0587158203125,49.99989700317383,49.9998893737793,100.0,0.0,0.0,344.9919738769531,0.0,7.924896240234375,17.18410873413086,17.18499183654785,0.0,1.034000039100647,0.9067617654800415,50.0,0.09999999403953552,2.2907917499542236,0.0,0.0,0.0,0.0,0.1928102480773201,0.0,0.0,-0.0,0.002991035580635071,-0.0029914705082774162,0.0,-4.3481122702360153e-07,100.40201568603516,100.4019775390625,790.7993774414062,790.7993774414062,790.7993774414062,550.3868408203125,0.0,0.0,34.8572998046875,0.0010999999940395355,0.02200000174343586,0.03299999609589577,78.25286865234375,5655.8173828125,114276.53125,0.02126905508339405,0.0,3.1392715754918754e-05,6002.1904296875,0.0,0.231320321559906,0.0191325880587101,0.0,0.0,34.8390007019043,0.0,0.0,1600.0,0.0,50.0,0.0,0.0,0.0,50.0,50.0,200.0,1.0,1.0,1.0000001192092896,0.0
4510.0,155.49932861328125,309.9742736816406,327.807861328125,327.8069763183594,292.1408386230469,292.1416931152344,16515.818359375,33031.63671875,66.97390747070312,66.97394561767578,1915.8577880859375,3831.611572265625,1915.844970703125,3831.5859375,288.46234130859375,59.024723052978516,-1.910346554723219e-06,0.0,0.0,2582.677978515625,1290.1259765625,0.0,34.8572998046875,2906.63720703125,11.836812973022461,11.836857795715332,971.0772094726562,1942.0587158203125,49.99989700317383,49.9998893737793,100.0,0.0,0.0,344.9919738769531,0.0,7.924896240234375,17.18410873413086,17.18499183654785,0.0,1.034000039100647,0.9067617654800415,50.0,0.09999999403953552,2.2907917499542236,0.0,0.0,0.0,0.0,0.1928102480773201,0.0,0.0,-0.0,0.002991035580635071,-0.0029914705082774162,0.0,-4.3481122702360153e-07,100.40201568603516,100.4019775390625,790.7993774414062,790.7993774414062,790.7993774414062,550.3868408203125,0.0,0.0,34.8572998046875,0.0010999999940395355,0.02200000174343586,0.03299999609589577,78.25286865234375,5655.8173828125,114276.53125,0.02126905508339405,0.0,3.1392715754918754e-05,6015.5302734375,0.0,0.231320321559906,0.0191325880587101,0.0,0.0,34.8390007019043,0.0,0.0,1600.0,0.0,50.0,0.0,0.0,0.0,50.0,50.0,200.0,1.0,1.0,1.0000001192092896,0.0
4520.0,155.49932861328125,309.9742736816406,327.807861328125,327.8069763183594,292.1408386230469,292.1416931152344,16515.818359375,33031.63671875,66.97390747070312,66.97394561767578,1915.8577880859375,3831.611572265625,1915.844970703125,3831.5859375,288.46234130859375,59.024723052978516,-1.910346554723219e-06,0.0,0.0,2582.677978515625,1290.1259765625,0.0,34.8572998046875,2906.63720703125,11.836812973022461,11.836857795715332,971.0772094726562,1942.0587158203125,49.99989700317383,49.9998893737793,100.0,0.0,0.0,344.9919738769531,0.0,7.924896240234375,17.18410873413086,17.18499183654785,0.0,1.034000039100647,0.9067617654800415,50.0,0.09999999403953552,2.2907917499542236,0.0,0.0,0.0,0.0,0.1928102480773201,0.0,0.0,-0.0,0.002991035580635071,-0.0029914705082774162,0.0,-4.3481122702360153e-07,100.40201568603516,100.4019775390625,790.7993774414062,790.7993774414062,790.7993774414062,550.3868408203125,0.0,0.0,34.8572998046875,0.0010999999940395355,0.02200000174343586,0.03299999609589577,78.25286865234375,5655.8173828125,114276.53125,0.02126905508339405,0.0,3.1392715754918754e-05,6028.8701171875,0.0,0.231320321559906,0.0191325880587101,0.0,0.0,34.8390007019043,0.0,0.0,1600.0,0.0,50.0,0.0,0.0,0.0,50.0,50.0,200.0,1.0,1.0,1.0000001192092896,0.0
4530.0,155.49932861328125,309.9742736816406,327.807861328125,327.8069763183594,292.1408386230469,292.1416931152344,16515.818359375,33031.63671875,66.97390747070312,66.97394561767578,1915.8577880859375,3831.611572265625,1915.844970703125,3831.5859375,288.46234130859375,59.024723052978516,-1.910346554723219e-06,0.0,0.0,2582.677978515625,1290.1259765625,0.0,34.8572998046875,2906.63720703125,11.836812973022461,11.836857795715332,971.0772094726562,1942.0587158203125,49.99989700317383,49.9998893737793,100.0,0.0,0.0,344.9919738769531,0.0,7.924896240234375,17.18410873413086,17.18499183654785,0.0,1.034000039100647,0.9067617654800415,50.0,0.09999999403953552,2.2907917499542236,0.0,0.0,0.0,0.0,0.1928102480773201,0.0,0.0,-0.0,0.002991035580635071,-0.0029914705082774162,0.0,-4.3481122702360153e-07,100.40201568603516,100.4019775390625,790.7993774414062,790.7993774414062,790.7993774414062,550.3868408203125,0.0,0.0,34.8572998046875,0.0010999999940395355,0.02200000174343586,0.03299999609589577,78.25286865234375,5655.8173828125,114276.53125,0.02126905508339405,0.0,3.1392715754918754e-05,6042.2099609375,0.0,0.231320321559906,0.0191325880587101,0.0,0.0,34.8390007019043,0.0,0.0,1600.0,0.0,50.0,0.0,0.0,0.0,50.0,50.0,200.0,1.0,1.0,1.0000001192092896,0.0
4540.0,155.49932861328125,309.9742736816406,327.807861328125,327.8069763183594,292.1408386230469,292.1416931152344,16515.818359375,33031.63671875,66.97390747070312,66.97394561767578,1915.8577880859375,3831.611572265625,1915.844970703125,3831.5859375,288.46234130859375,59.024723052978516,-1.910346554723219e-06,0.0,0.0,2582.677978515625,1290.1259765625,0.0,34.8572998046875,2906.63720703125,11.836812973022461,11.836857795715332,971.0772094726562,1942.0587158203125,49.99989700317383,49.9998893737793,100.0,0.0,0.0,344.9919738769531,0.0,7.924896240234375,17.18410873413086,17.18499183654785,0.0,1.034000039100647,0.9067617654800415,50.0,0.09999999403953552,2.2907917499542236,0.0,0.0,0.0,0.0,0.1928102480773201,0.0,0.0,-0.0,0.002991035580635071,-0.0029914705082774162,0.0,-4.3481122702360153e-07,100.40201568603516,100.4019775390625,790.7993774414062,790.7993774414062,790.7993774414062,550.3868408203125,0.0,0.0,34.8572998046875,0.0010999999940395355,0.02200000174343586,0.03299999609589577,78.25286865234375,5655.8173828125,114276.53125,0.02126905508339405,0.0,3.1392715754918754e-05,6055.5498046875,0.0,0.231320321559906,0.0191325880587101,0.0,0.0,34.8390007019043,0.0,0.0,1600.0,0.0,50.0,0.0,0.0,0.0,50.0,50.0,200.0,1.0,1.0,1.0000001192092896,0.0
4550.0,155.49932861328125,309.9742736816406,327.807861328125,327.8069763183594,292.1408386230469,292.1416931152344,16515.818359375,33031.63671875,66.97390747070312,66.97394561767578,1915.8577880859375,3831.611572265625,1915.844970703125,3831.5859375,288.46234130859375,59.024723052978516,-1.910346554723219e-06,0.0,0.0,2582.677978515625,1290.1259765625,0.0,34.8572998046875,2906.63720703125,11.836812973022461,11.836857795715332,971.0772094726562,1942.0587158203125,49.99989700317383,49.9998893737793,100.0,0.0,0.0,344.9919738769531,0.0,7.924896240234375,17.18410873413086,17.18499183654785,0.0,1.034000039100647,0.9067617654800415,50.0,0.09999999403953552,2.2907917499542236,0.0,0.0,0.0,0.0,0.1928102480773201,0.0,0.0,-0.0,0.002991035580635071,-0.0029914705082774162,0.0,-4.3481122702360153e-07,100.40201568603516,100.4019775390625,790.7993774414062,790.7993774414062,790.7993774414062,550.3868408203125,0.0,0.0,34.8572998046875,0.0010999999940395355,0.02200000174343586,0.03299999609589577,78.25286865234375,5655.8173828125,114276.53125,0.02126905508339405,0.0,3.1392715754918754e-05,6068.8896484375,0.0,0.231320321559906,0.0191325880587101,0.0,0.0,34.8390007019043,0.0,0.0,1600.0,0.0,50.0,0.0,0.0,0.0,50.0,50.0,200.0,1.0,1.0,1.0000001192092896,0.0
4560.0,155.49932861328125,309.9742736816406,327.807861328125,327.8069763183594,292.1408386230469,292.1416931152344,16515.818359375,33031.63671875,66.97390747070312,66.97394561767578,1915.8577880859375,3831.611572265625,1915.844970703125,3831.5859375,288.46234130859375,59.024723052978516,-1.910346554723219e-06,0.0,0.0,2582.677978515625,1290.1259765625,0.0,34.8572998046875,2906.63720703125,11.836812973022461,11.836857795715332,971.0772094726562,1942.0587158203125,49.99989700317383,49.9998893737793,100.0,0.0,0.0,344.9919738769531,0.0,7.924896240234375,17.18410873413086,17.18499183654785,0.0,1.034000039100647,0.9067617654800415,50.0,0.09999999403953552,2.2907917499542236,0.0,0.0,0.0,0.0,0.1928102480773201,0.0,0.0,-0.0,0.002991035580635071,-0.0029914705082774162,0.0,-4.3481122702360153e-07,100.40201568603516,100.4019775390625,790.7993774414062,790.7993774414062,790.7993774414062,550.3868408203125,0.0,0.0,34.8572998046875,0.0010999999940395355,0.02200000174343586,0.03299999609589577,78.25286865234375,5655.8173828125,114276.53125,0.02126905508339405,0.0,3.1392715754918754e-05,6082.2294921875,0.0,0.231320321559906,0.0191325880587101,0.0,0.0,34.8390007019043,0.0,0.0,1600.0,0.0,50.0,0.0,0.0,0.0,50.0,50.0,200.0,1.0,1.0,1.0000001192092896,0.0
4570.0,155.49932861328125,309.9742736816406,327.807861328125,327.8069763183594,292.1408386230469,292.1416931152344,16515.818359375,33031.63671875,66.97390747070312,66.97394561767578,1915.8577880859375,3831.611572265625,1915.844970703125,3831.5859375,288.46234130859375,59.024723052978516,-1.910346554723219e-06,0.0,0.0,2582.677978515625,1290.1259765625,0.0,34.8572998046875,2906.63720703125,11.836812973022461,11.836857795715332,971.0772094726562,1942.0587158203125,49.99989700317383,49.9998893737793,100.0,0.0,0.0,344.9919738769531,0.0,7.924896240234375,17.18410873413086,17.18499183654785,0.0,1.034000039100647,0.9067617654800415,50.0,0.09999999403953552,2.2907917499542236,0.0,0.0,0.0,0.0,0.1928102480773201,0.0,0.0,-0.0,0.002991035580635071,-0.0029914705082774162,0.0,-4.3481122702360153e-07,100.40201568603516,100.4019775390625,790.7993774414062,790.7993774414062,790.7993774414062,550.3868408203125,0.0,0.0,34.8572998046875,0.0010999999940395355,0.02200000174343586,0.03299999609589577,78.25286865234375,5655.8173828125,114276.53125,0.02126905508339405,0.0,3.1392715754918754e-05,6095.5693359375,0.0,0.231320321559906,0.0191325880587101,0.0,0.0,34.8390007019043,0.0,0.0,1600.0,0.0,50.0,0.0,0.0,0.0,50.0,50.0,200.0,1.0,1.0,1.0000001192092896,0.0
4580.0,155.49932861328125,309.9742736816406,327.807861328125,327.8069763183594,292.1408386230469,292.1416931152344,16515.818359375,33031.63671875,66.97390747070312,66.97394561767578,1915.8577880859375,3831.611572265625,1915.844970703125,3831.5859375,288.46234130859375,59.024723052978516,-1.910346554723219e-06,0.0,0.0,2582.677978515625,1290.1259765625,0.0,34.8572998046875,2906.63720703125,11.836812973022461,11.836857795715332,971.0772094726562,1942.0587158203125,49.99989700317383,49.9998893737793,100.0,0.0,0.0,344.9919738769531,0.0,7.924896240234375,17.18410873413086,17.18499183654785,0.0,1.034000039100647,0.9067617654800415,50.0,0.09999999403953552,2.2907917499542236,0.0,0.0,0.0,0.0,0.1928102480773201,0.0,0.0,-0.0,0.002991035580635071,-0.0029914705082774162,0.0,-4.3481122702360153e-07,100.40201568603516,100.4019775390625,790.7993774414062,790.7993774414062,790.7993774414062,550.3868408203125,0.0,0.0,34.8572998046875,0.0010999999940395355,0.02200000174343586,0.03299999609589577,78.25286865234375,5655.8173828125,114276.53125,0.02126905508339405,0.0,3.1392715754918754e-05,6108.9091796875,0.0,0.231320321559906,0.0191325880587101,0.0,0.0,34.8390007019043,0.0,0.0,1600.0,0.0,50.0,0.0,0.0,0.0,50.0,50.0,200.0,1.0,1.0,1.0000001192092896,0.0
4590.0,155.49932861328125,309.9742736816406,327.807861328125,327.8069763183594,292.1408386230469,292.1416931152344,16515.818359375,33031.63671875,66.97390747070312,66.97394561767578,1915.8577880859375,3831.611572265625,1915.844970703125,3831.5859375,288.46234130859375,59.024723052978516,-1.910346554723219e-06,0.0,0.0,2582.677978515625,1290.1259765625,0.0,34.8572998046875,2906.63720703125,11.836812973022461,11.836857795715332,971.0772094726562,1942.0587158203125,49.99989700317383,49.9998893737793,100.0,0.0,0.0,344.9919738769531,0.0,7.924896240234375,17.18410873413086,17.18499183654785,0.0,1.034000039100647,0.9067617654800415,50.0,0.09999999403953552,2.2907917499542236,0.0,0.0,0.0,0.0,0.1928102480773201,0.0,0.0,-0.0,0.002991035580635071,-0.0029914705082774162,0.0,-4.3481122702360153e-07,100.40201568603516,100.4019775390625,790.7993774414062,790.7993774414062,790.7993774414062,550.3868408203125,0.0,0.0,34.8572998046875,0.0010999999940395355,0.02200000174343586,0.03299999609589577,78.25286865234375,5655.8173828125,114276.53125,0.02126905508339405,0.0,3.1392715754918754e-05,6122.2490234375,0.0,0.231320321559906,0.0191325880587101,0.0,0.0,34.8390007019043,0.0,0.0,1600.0,0.0,50.0,0.0,0.0,0.0,50.0,50.0,200.0,1.0,1.0,1.0000001192092896,0.0
4600.0,155.49932861328125,309.9742736816406,327.807861328125,327.8069763183594,292.1408386230469,292.1416931152344,16515.818359375,33031.63671875,66.97390747070312,66.97394561767578,1915.8577880859375,3831.611572265625,1915.844970703125,3831.5859375,288.46234130859375,59.024723052978516,-1.910346554723219e-06,0.0,0.0,2582.677978515625,1290.1259765625,0.0,34.8572998046875,2906.63720703125,11.836812973022461,11.836857795715332,971.0772094726562,1942.0587158203125,49.99989700317383,49.9998893737793,100.0,0.0,0.0,344.9919738769531,0.0,7.924896240234375,17.18410873413086,17.18499183654785,0.0,1.034000039100647,0.9067617654800415,50.0,0.09999999403953552,2.2907917499542236,0.0,0.0,0.0,0.0,0.1928102480773201,0.0,0.0,-0.0,0.002991035580635071,-0.0029914705082774162,0.0,-4.3481122702360153e-07,100.40201568603516,100.4019775390625,790.7993774414062,790.7993774414062,790.7993774414062,550.3868408203125,0.0,0.0,34.8572998046875,0.0010999999940395355,0.02200000174343586,0.03299999609589577,78.25286865234375,5655.8173828125,114276.53125,0.02126905508339405,0.0,3.1392715754918754e-05,6135.5888671875,0.0,0.231320321559906,0.0191325880587101,0.0,0.0,34.8390007019043,0.0,0.0,1600.0,0.0,50.0,0.0,0.0,0.0,50.0,50.0,200.0,1.0,1.0,1.0000001192092896,0.0
4610.0,155.49932861328125,309.9742736816406,327.807861328125,327.8069763183594,292.1408386230469,292.1416931152344,16515.818359375,33031.63671875,66.97390747070312,66.97394561767578,1915.8577880859375,3831.611572265625,1915.844970703125,3831.5859375,288.46234130859375,59.024723052978516,-1.910346554723219e-06,0.0,0.0,2582.677978515625,1290.1259765625,0.0,34.8572998046875,2906.63720703125,11.836812973022461,11.836857795715332,971.0772094726562,1942.0587158203125,49.99989700317383,49.9998893737793,100.0,0.0,0.0,344.9919738769531,0.0,7.924896240234375,17.18410873413086,17.18499183654785,0.0,1.034000039100647,0.9067617654800415,50.0,0.09999999403953552,2.2907917499542236,0.0,0.0,0.0,0.0,0.1928102480773201,0.0,0.0,-0.0,0.002991035580635071,-0.0029914705082774162,0.0,-4.3481122702360153e-07,100.40201568603516,100.4019775390625,790.7993774414062,790.7993774414062,790.7993774414062,550.3868408203125,0.0,0.0,34.8572998046875,0.0010999999940395355,0.02200000174343586,0.03299999609589577,78.25286865234375,5655.8173828125,114276.53125,0.02126905508339405,0.0,3.1392715754918754e-05,6148.9287109375,0.0,0.231320321559906,0.0191325880587101,0.0,0.0,34.8390007019043,0.0,0.0,1600.0,0.0,50.0,0.0,0.0,0.0,50.0,50.0,200.0,1.0,1.0,1.0000001192092896,0.0
4620.0,155.49932861328125,309.9742736816406,327.807861328125,327.8069763183594,292.1408386230469,292.1416931152344,16515.818359375,33031.63671875,66.97390747070312,66.97394561767578,1915.8577880859375,3831.611572265625,1915.844970703125,3831.5859375,288.46234130859375,59.024723052978516,-1.910346554723219e-06,0.0,0.0,2582.677978515625,1290.1259765625,0.0,34.8572998046875,2906.63720703125,11.836812973022461,11.836857795715332,971.0772094726562,1942.0587158203125,49.99989700317383,49.9998893737793,100.0,0.0,0.0,344.9919738769531,0.0,7.924896240234375,17.18410873413086,17.18499183654785,0.0,1.034000039100647,0.9067617654800415,50.0,0.09999999403953552,2.2907917499542236,0.0,0.0,0.0,0.0,0.1928102480773201,0.0,0.0,-0.0,0.002991035580635071,-0.0029914705082774162,0.0,-4.3481122702360153e-07,100.40201568603516,100.4019775390625,790.7993774414062,790.7993774414062,790.7993774414062,550.3868408203125,0.0,0.0,34.8572998046875,0.0010999999940395355,0.02200000174343586,0.03299999609589577,78.25286865234375,5655.8173828125,114276.53125,0.02126905508339405,0.0,3.1392715754918754e-05,6162.2685546875,0.0,0.231320321559906,0.0191325880587101,0.0,0.0,34.8390007019043,0.0,0.0,1600.0,0.0,50.0,0.0,0.0,0.0,50.0,50.0,200.0,1.0,1.0,1.0000001192092896,0.0
4630.0,155.49932861328125,309.9742736816406,327.807861328125,327.8069763183594,292.1408386230469,292.1416931152344,16515.818359375,33031.63671875,66.97390747070312,66.97394561767578,1915.8577880859375,3831.611572265625,1915.844970703125,3831.5859375,288.46234130859375,59.024723052978516,-1.910346554723219e-06,0.0,0.0,2582.677978515625,1290.1259765625,0.0,34.8572998046875,2906.63720703125,11.836812973022461,11.836857795715332,971.0772094726562,1942.0587158203125,49.99989700317383,49.9998893737793,100.0,0.0,0.0,344.9919738769531,0.0,7.924896240234375,17.18410873413086,17.18499183654785,0.0,1.034000039100647,0.9067617654800415,50.0,0.09999999403953552,2.2907917499542236,0.0,0.0,0.0,0.0,0.1928102480773201,0.0,0.0,-0.0,0.002991035580635071,-0.0029914705082774162,0.0,-4.3481122702360153e-07,100.40201568603516,100.4019775390625,790.7993774414062,790.7993774414062,790.7993774414062,550.3868408203125,0.0,0.0,34.8572998046875,0.0010999999940395355,0.02200000174343586,0.03299999609589577,78.25286865234375,5655.8173828125,114276.53125,0.02126905508339405,0.0,3.1392715754918754e-05,6175.6083984375,0.0,0.231320321559906,0.0191325880587101,0.0,0.0,34.8390007019043,0.0,0.0,1600.0,0.0,50.0,0.0,0.0,0.0,50.0,50.0,200.0,1.0,1.0,1.0000001192092896,0.0
4640.0,155.49932861328125,309.9742736816406,327.807861328125,327.8069763183594,292.1408386230469,292.1416931152344,16515.818359375,33031.63671875,66.97390747070312,66.97394561767578,1915.8577880859375,3831.611572265625,1915.844970703125,3831.5859375,288.46234130859375,59.024723052978516,-1.910346554723219e-06,0.0,0.0,2582.677978515625,1290.1259765625,0.0,34.8572998046875,2906.63720703125,11.836812973022461,11.836857795715332,971.0772094726562,1942.0587158203125,49.99989700317383,49.9998893737793,100.0,0.0,0.0,344.9919738769531,0.0,7.924896240234375,17.18410873413086,17.18499183654785,0.0,1.034000039100647,0.9067617654800415,50.0,0.09999999403953552,2.2907917499542236,0.0,0.0,0.0,0.0,0.1928102480773201,0.0,0.0,-0.0,0.002991035580635071,-0.0029914705082774162,0.0,-4.3481122702360153e-07,100.40201568603516,100.4019775390625,790.7993774414062,790.7993774414062,790.7993774414062,550.3868408203125,0.0,0.0,34.8572998046875,0.0010999999940395355,0.02200000174343586,0.03299999609589577,78.25286865234375,5655.8173828125,114276.53125,0.02126905508339405,0.0,3.1392715754918754e-05,6188.9482421875,0.0,0.231320321559906,0.0191325880587101,0.0,0.0,34.8390007019043,0.0,0.0,1600.0,0.0,50.0,0.0,0.0,0.0,50.0,50.0,200.0,1.0,1.0,1.0000001192092896,0.0
4650.0,155.49932861328125,309.9742736816406,327.807861328125,327.8069763183594,292.1408386230469,292.1416931152344,16515.818359375,33031.63671875,66.97390747070312,66.97394561767578,1915.8577880859375,3831.611572265625,1915.844970703125,3831.5859375,288.46234130859375,59.024723052978516,-1.910346554723219e-06,0.0,0.0,2582.677978515625,1290.1259765625,0.0,34.8572998046875,2906.63720703125,11.836812973022461,11.836857795715332,971.0772094726562,1942.0587158203125,49.99989700317383,49.9998893737793,100.0,0.0,0.0,344.9919738769531,0.0,7.924896240234375,17.18410873413086,17.18499183654785,0.0,1.034000039100647,0.9067617654800415,50.0,0.09999999403953552,2.2907917499542236,0.0,0.0,0.0,0.0,0.1928102480773201,0.0,0.0,-0.0,0.002991035580635071,-0.0029914705082774162,0.0,-4.3481122702360153e-07,100.40201568603516,100.4019775390625,790.7993774414062,790.7993774414062,790.7993774414062,550.3868408203125,0.0,0.0,34.8572998046875,0.0010999999940395355,0.02200000174343586,0.03299999609589577,78.25286865234375,5655.8173828125,114276.53125,0.02126905508339405,0.0,3.1392715754918754e-05,6202.2880859375,0.0,0.231320321559906,0.0191325880587101,0.0,0.0,34.8390007019043,0.0,0.0,1600.0,0.0,50.0,0.0,0.0,0.0,50.0,50.0,200.0,1.0,1.0,1.0000001192092896,0.0
4660.0,155.49932861328125,309.9742736816406,327.807861328125,327.8069763183594,292.1408386230469,292.1416931152344,16515.818359375,33031.63671875,66.97390747070312,66.97394561767578,1915.8577880859375,3831.611572265625,1915.844970703125,3831.5859375,288.46234130859375,59.024723052978516,-1.910346554723219e-06,0.0,0.0,2582.677978515625,1290.1259765625,0.0,34.8572998046875,2906.63720703125,11.836812973022461,11.836857795715332,971.0772094726562,1942.0587158203125,49.99989700317383,49.9998893737793,100.0,0.0,0.0,344.9919738769531,0.0,7.924896240234375,17.18410873413086,17.18499183654785,0.0,1.034000039100647,0.9067617654800415,50.0,0.09999999403953552,2.2907917499542236,0.0,0.0,0.0,0.0,0.1928102480773201,0.0,0.0,-0.0,0.002991035580635071,-0.0029914705082774162,0.0,-4.3481122702360153e-07,100.40201568603516,100.4019775390625,790.7993774414062,790.7993774414062,790.7993774414062,550.3868408203125,0.0,0.0,34.8572998046875,0.0010999999940395355,0.02200000174343586,0.03299999609589577,78.25286865234375,5655.8173828125,114276.53125,0.02126905508339405,0.0,3.1392715754918754e-05,6215.6279296875,0.0,0.231320321559906,0.0191325880587101,0.0,0.0,34.8390007019043,0.0,0.0,1600.0,0.0,50.0,0.0,0.0,0.0,50.0,50.0,200.0,1.0,1.0,1.0000001192092896,0.0
4670.0,155.49932861328125,309.9742736816406,327.807861328125,327.8069763183594,292.1408386230469,292.1416931152344,16515.818359375,33031.63671875,66.97390747070312,66.97394561767578,1915.8577880859375,3831.611572265625,1915.844970703125,3831.5859375,288.46234130859375,59.024723052978516,-1.910346554723219e-06,0.0,0.0,2582.677978515625,1290.1259765625,0.0,34.8572998046875,2906.63720703125,11.836812973022461,11.836857795715332,971.0772094726562,1942.0587158203125,49.99989700317383,49.9998893737793,100.0,0.0,0.0,344.9919738769531,0.0,7.924896240234375,17.18410873413086,17.18499183654785,0.0,1.034000039100647,0.9067617654800415,50.0,0.09999999403953552,2.2907917499542236,0.0,0.0,0.0,0.0,0.1928102480773201,0.0,0.0,-0.0,0.002991035580635071,-0.0029914705082774162,0.0,-4.3481122702360153e-07,100.40201568603516,100.4019775390625,790.7993774414062,790.7993774414062,790.7993774414062,550.3868408203125,0.0,0.0,34.8572998046875,0.0010999999940395355,0.02200000174343586,0.03299999609589577,78.25286865234375,5655.8173828125,114276.53125,0.02126905508339405,0.0,3.1392715754918754e-05,6228.9677734375,0.0,0.231320321559906,0.0191325880587101,0.0,0.0,34.8390007019043,0.0,0.0,1600.0,0.0,50.0,0.0,0.0,0.0,50.0,50.0,200.0,1.0,1.0,1.0000001192092896,0.0
4680.0,155.49932861328125,309.9742736816406,327.807861328125,327.8069763183594,292.1408386230469,292.1416931152344,16515.818359375,33031.63671875,66.97390747070312,66.97394561767578,1915.8577880859375,3831.611572265625,1915.844970703125,3831.5859375,288.46234130859375,59.024723052978516,-1.910346554723219e-06,0.0,0.0,2582.677978515625,1290.1259765625,0.0,34.8572998046875,2906.63720703125,11.836812973022461,11.836857795715332,971.0772094726562,1942.0587158203125,49.99989700317383,49.9998893737793,100.0,0.0,0.0,344.9919738769531,0.0,7.924896240234375,17.18410873413086,17.18499183654785,0.0,1.034000039100647,0.9067617654800415,50.0,0.09999999403953552,2.2907917499542236,0.0,0.0,0.0,0.0,0.1928102480773201,0.0,0.0,-0.0,0.002991035580635071,-0.0029914705082774162,0.0,-4.3481122702360153e-07,100.40201568603516,100.4019775390625,790.7993774414062,790.7993774414062,790.7993774414062,550.3868408203125,0.0,0.0,34.8572998046875,0.0010999999940395355,0.02200000174343586,0.03299999609589577,78.25286865234375,5655.8173828125,114276.53125,0.02126905508339405,0.0,3.1392715754918754e-05,6242.3076171875,0.0,0.231320321559906,0.0191325880587101,0.0,0.0,34.8390007019043,0.0,0.0,1600.0,0.0,50.0,0.0,0.0,0.0,50.0,50.0,200.0,1.0,1.0,1.0000001192092896,0.0
4690.0,155.49932861328125,309.9742736816406,327.807861328125,327.8069763183594,292.1408386230469,292.1416931152344,16515.818359375,33031.63671875,66.97390747070312,66.97394561767578,1915.8577880859375,3831.611572265625,1915.844970703125,3831.5859375,288.46234130859375,59.024723052978516,-1.910346554723219e-06,0.0,0.0,2582.677978515625,1290.1259765625,0.0,34.8572998046875,2906.63720703125,11.836812973022461,11.836857795715332,971.0772094726562,1942.0587158203125,49.99989700317383,49.9998893737793,100.0,0.0,0.0,344.9919738769531,0.0,7.924896240234375,17.18410873413086,17.18499183654785,0.0,1.034000039100647,0.9067617654800415,50.0,0.09999999403953552,2.2907917499542236,0.0,0.0,0.0,0.0,0.1928102480773201,0.0,0.0,-0.0,0.002991035580635071,-0.0029914705082774162,0.0,-4.3481122702360153e-07,100.40201568603516,100.4019775390625,790.7993774414062,790.7993774414062,790.7993774414062,550.3868408203125,0.0,0.0,34.8572998046875,0.0010999999940395355,0.02200000174343586,0.03299999609589577,78.25286865234375,5655.8173828125,114276.53125,0.02126905508339405,0.0,3.1392715754918754e-05,6255.6474609375,0.0,0.231320321559906,0.0191325880587101,0.0,0.0,34.8390007019043,0.0,0.0,1600.0,0.0,50.0,0.0,0.0,0.0,50.0,50.0,200.0,1.0,1.0,1.0000001192092896,0.0
4700.0,155.49932861328125,309.9742736816406,327.807861328125,327.8069763183594,292.1408386230469,292.1416931152344,16515.818359375,33031.63671875,66.97390747070312,66.97394561767578,1915.8577880859375,3831.611572265625,1915.844970703125,3831.5859375,288.46234130859375,59.024723052978516,-1.910346554723219e-06,0.0,0.0,2582.677978515625,1290.1259765625,0.0,34.8572998046875,2906.63720703125,11.836812973022461,11.836857795715332,971.0772094726562,1942.0587158203125,49.99989700317383,49.9998893737793,100.0,0.0,0.0,344.9919738769531,0.0,7.924896240234375,17.18410873413086,17.18499183654785,0.0,1.034000039100647,0.9067617654800415,50.0,0.09999999403953552,2.2907917499542236,0.0,0.0,0.0,0.0,0.1928102480773201,0.0,0.0,-0.0,0.002991035580635071,-0.0029914705082774162,0.0,-4.3481122702360153e-07,100.40201568603516,100.4019775390625,790.7993774414062,790.7993774414062,790.7993774414062,550.3868408203125,0.0,0.0,34.8572998046875,0.0010999999940395355,0.02200000174343586,0.03299999609589577,78.25286865234375,5655.8173828125,114276.53125,0.02126905508339405,0.0,3.1392715754918754e-05,6268.9873046875,0.0,0.231320321559906,0.0191325880587101,0.0,0.0,34.8390007019043,0.0,0.0,1600.0,0.0,50.0,0.0,0.0,0.0,50.0,50.0,200.0,1.0,1.0,1.0000001192092896,0.0
4710.0,155.49932861328125,309.9742736816406,327.807861328125,327.8069763183594,292.1408386230469,292.1416931152344,16515.818359375,33031.63671875,66.97390747070312,66.97394561767578,1915.8577880859375,3831.611572265625,1915.844970703125,3831.5859375,288.46234130859375,59.024723052978516,-1.910346554723219e-06,0.0,0.0,2582.677978515625,1290.1259765625,0.0,34.8572998046875,2906.63720703125,11.836812973022461,11.836857795715332,971.0772094726562,1942.0587158203125,49.99989700317383,49.9998893737793,100.0,0.0,0.0,344.9919738769531,0.0,7.924896240234375,17.18410873413086,17.18499183654785,0.0,1.034000039100647,0.9067617654800415,50.0,0.09999999403953552,2.2907917499542236,0.0,0.0,0.0,0.0,0.1928102480773201,0.0,0.0,-0.0,0.002991035580635071,-0.0029914705082774162,0.0,-4.3481122702360153e-07,100.40201568603516,100.4019775390625,790.7993774414062,790.7993774414062,790.7993774414062,550.3868408203125,0.0,0.0,34.8572998046875,0.0010999999940395355,0.02200000174343586,0.03299999609589577,78.25286865234375,5655.8173828125,114276.53125,0.02126905508339405,0.0,3.1392715754918754e-05,6282.3271484375,0.0,0.231320321559906,0.0191325880587101,0.0,0.0,34.8390007019043,0.0,0.0,1600.0,0.0,50.0,0.0,0.0,0.0,50.0,50.0,200.0,1.0,1.0,1.0000001192092896,0.0
4720.0,155.49932861328125,309.9742736816406,327.807861328125,327.8069763183594,292.1408386230469,292.1416931152344,16515.818359375,33031.63671875,66.97390747070312,66.97394561767578,1915.8577880859375,3831.611572265625,1915.844970703125,3831.5859375,288.46234130859375,59.024723052978516,-1.910346554723219e-06,0.0,0.0,2582.677978515625,1290.1259765625,0.0,34.8572998046875,2906.63720703125,11.836812973022461,11.836857795715332,971.0772094726562,1942.0587158203125,49.99989700317383,49.9998893737793,100.0,0.0,0.0,344.9919738769531,0.0,7.924896240234375,17.18410873413086,17.18499183654785,0.0,1.034000039100647,0.9067617654800415,50.0,0.09999999403953552,2.2907917499542236,0.0,0.0,0.0,0.0,0.1928102480773201,0.0,0.0,-0.0,0.002991035580635071,-0.0029914705082774162,0.0,-4.3481122702360153e-07,100.40201568603516,100.4019775390625,790.7993774414062,790.7993774414062,790.7993774414062,550.3868408203125,0.0,0.0,34.8572998046875,0.0010999999940395355,0.02200000174343586,0.03299999609589577,78.25286865234375,5655.8173828125,114276.53125,0.02126905508339405,0.0,3.1392715754918754e-05,6295.6669921875,0.0,0.231320321559906,0.0191325880587101,0.0,0.0,34.8390007019043,0.0,0.0,1600.0,0.0,50.0,0.0,0.0,0.0,50.0,50.0,200.0,1.0,1.0,1.0000001192092896,0.0
4730.0,155.49932861328125,309.9742736816406,327.807861328125,327.8069763183594,292.1408386230469,292.1416931152344,16515.818359375,33031.63671875,66.97390747070312,66.97394561767578,1915.8577880859375,3831.611572265625,1915.844970703125,3831.5859375,288.46234130859375,59.024723052978516,-1.910346554723219e-06,0.0,0.0,2582.677978515625,1290.1259765625,0.0,34.8572998046875,2906.63720703125,11.836812973022461,11.836857795715332,971.0772094726562,1942.0587158203125,49.99989700317383,49.9998893737793,100.0,0.0,0.0,344.9919738769531,0.0,7.924896240234375,17.18410873413086,17.18499183654785,0.0,1.034000039100647,0.9067617654800415,50.0,0.09999999403953552,2.2907917499542236,0.0,0.0,0.0,0.0,0.1928102480773201,0.0,0.0,-0.0,0.002991035580635071,-0.0029914705082774162,0.0,-4.3481122702360153e-07,100.40201568603516,100.4019775390625,790.7993774414062,790.7993774414062,790.7993774414062,550.3868408203125,0.0,0.0,34.8572998046875,0.0010999999940395355,0.02200000174343586,0.03299999609589577,78.25286865234375,5655.8173828125,114276.53125,0.02126905508339405,0.0,3.1392715754918754e-05,6309.0068359375,0.0,0.231320321559906,0.0191325880587101,0.0,0.0,34.8390007019043,0.0,0.0,1600.0,0.0,50.0,0.0,0.0,0.0,50.0,50.0,200.0,1.0,1.0,1.0000001192092896,0.0
4740.0,155.49932861328125,309.9742736816406,327.807861328125,327.8069763183594,292.1408386230469,292.1416931152344,16515.818359375,33031.63671875,66.97390747070312,66.97394561767578,1915.8577880859375,3831.611572265625,1915.844970703125,3831.5859375,288.46234130859375,59.024723052978516,-1.910346554723219e-06,0.0,0.0,2582.677978515625,1290.1259765625,0.0,34.8572998046875,2906.63720703125,11.836812973022461,11.836857795715332,971.0772094726562,1942.0587158203125,49.99989700317383,49.9998893737793,100.0,0.0,0.0,344.9919738769531,0.0,7.924896240234375,17.18410873413086,17.18499183654785,0.0,1.034000039100647,0.9067617654800415,50.0,0.09999999403953552,2.2907917499542236,0.0,0.0,0.0,0.0,0.1928102480773201,0.0,0.0,-0.0,0.002991035580635071,-0.0029914705082774162,0.0,-4.3481122702360153e-07,100.40201568603516,100.4019775390625,790.7993774414062,790.7993774414062,790.7993774414062,550.3868408203125,0.0,0.0,34.8572998046875,0.0010999999940395355,0.02200000174343586,0.03299999609589577,78.25286865234375,5655.8173828125,114276.53125,0.02126905508339405,0.0,3.1392715754918754e-05,6322.3466796875,0.0,0.231320321559906,0.0191325880587101,0.0,0.0,34.8390007019043,0.0,0.0,1600.0,0.0,50.0,0.0,0.0,0.0,50.0,50.0,200.0,1.0,1.0,1.0000001192092896,0.0
4750.0,155.49932861328125,309.9742736816406,327.807861328125,327.8069763183594,292.1408386230469,292.1416931152344,16515.818359375,33031.63671875,66.97390747070312,66.97394561767578,1915.8577880859375,3831.611572265625,1915.844970703125,3831.5859375,288.46234130859375,59.024723052978516,-1.910346554723219e-06,0.0,0.0,2582.677978515625,1290.1259765625,0.0,34.8572998046875,2906.63720703125,11.836812973022461,11.836857795715332,971.0772094726562,1942.0587158203125,49.99989700317383,49.9998893737793,100.0,0.0,0.0,344.9919738769531,0.0,7.924896240234375,17.18410873413086,17.18499183654785,0.0,1.034000039100647,0.9067617654800415,50.0,0.09999999403953552,2.2907917499542236,0.0,0.0,0.0,0.0,0.1928102480773201,0.0,0.0,-0.0,0.002991035580635071,-0.0029914705082774162,0.0,-4.3481122702360153e-07,100.40201568603516,100.4019775390625,790.7993774414062,790.7993774414062,790.7993774414062,550.3868408203125,0.0,0.0,34.8572998046875,0.0010999999940395355,0.02200000174343586,0.03299999609589577,78.25286865234375,5655.8173828125,114276.53125,0.02126905508339405,0.0,3.1392715754918754e-05,6335.6865234375,0.0,0.231320321559906,0.0191325880587101,0.0,0.0,34.8390007019043,0.0,0.0,1600.0,0.0,50.0,0.0,0.0,0.0,50.0,50.0,200.0,1.0,1.0,1.0000001192092896,0.0
4760.0,155.49932861328125,309.9742736816406,327.807861328125,327.8069763183594,292.1408386230469,292.1416931152344,16515.818359375,33031.63671875,66.97390747070312,66.97394561767578,1915.8577880859375,3831.611572265625,1915.844970703125,3831.5859375,288.46234130859375,59.024723052978516,-1.910346554723219e-06,0.0,0.0,2582.677978515625,1290.1259765625,0.0,34.8572998046875,2906.63720703125,11.836812973022461,11.836857795715332,971.0772094726562,1942.0587158203125,49.99989700317383,49.9998893737793,100.0,0.0,0.0,344.9919738769531,0.0,7.924896240234375,17.18410873413086,17.18499183654785,0.0,1.034000039100647,0.9067617654800415,50.0,0.09999999403953552,2.2907917499542236,0.0,0.0,0.0,0.0,0.1928102480773201,0.0,0.0,-0.0,0.002991035580635071,-0.0029914705082774162,0.0,-4.3481122702360153e-07,100.40201568603516,100.4019775390625,790.7993774414062,790.7993774414062,790.7993774414062,550.3868408203125,0.0,0.0,34.8572998046875,0.0010999999940395355,0.02200000174343586,0.03299999609589577,78.25286865234375,5655.8173828125,114276.53125,0.02126905508339405,0.0,3.1392715754918754e-05,6349.0263671875,0.0,0.231320321559906,0.0191325880587101,0.0,0.0,34.8390007019043,0.0,0.0,1600.0,0.0,50.0,0.0,0.0,0.0,50.0,50.0,200.0,1.0,1.0,1.0000001192092896,0.0
4770.0,155.49932861328125,309.9742736816406,327.807861328125,327.8069763183594,292.1408386230469,292.1416931152344,16515.818359375,33031.63671875,66.97390747070312,66.97394561767578,1915.8577880859375,3831.611572265625,1915.844970703125,3831.5859375,288.46234130859375,59.024723052978516,-1.910346554723219e-06,0.0,0.0,2582.677978515625,1290.1259765625,0.0,34.8572998046875,2906.63720703125,11.836812973022461,11.836857795715332,971.0772094726562,1942.0587158203125,49.99989700317383,49.9998893737793,100.0,0.0,0.0,344.9919738769531,0.0,7.924896240234375,17.18410873413086,17.18499183654785,0.0,1.034000039100647,0.9067617654800415,50.0,0.09999999403953552,2.2907917499542236,0.0,0.0,0.0,0.0,0.1928102480773201,0.0,0.0,-0.0,0.002991035580635071,-0.0029914705082774162,0.0,-4.3481122702360153e-07,100.40201568603516,100.4019775390625,790.7993774414062,790.7993774414062,790.7993774414062,550.3868408203125,0.0,0.0,34.8572998046875,0.0010999999940395355,0.02200000174343586,0.03299999609589577,78.25286865234375,5655.8173828125,114276.53125,0.02126905508339405,0.0,3.1392715754918754e-05,6362.3662109375,0.0,0.231320321559906,0.0191325880587101,0.0,0.0,34.8390007019043,0.0,0.0,1600.0,0.0,50.0,0.0,0.0,0.0,50.0,50.0,200.0,1.0,1.0,1.0000001192092896,0.0
4780.0,155.49932861328125,309.9742736816406,327.807861328125,327.8069763183594,292.1408386230469,292.1416931152344,16515.818359375,33031.63671875,66.97390747070312,66.97394561767578,1915.8577880859375,3831.611572265625,1915.844970703125,3831.5859375,288.46234130859375,59.024723052978516,-1.910346554723219e-06,0.0,0.0,2582.677978515625,1290.1259765625,0.0,34.8572998046875,2906.63720703125,11.836812973022461,11.836857795715332,971.0772094726562,1942.0587158203125,49.99989700317383,49.9998893737793,100.0,0.0,0.0,344.9919738769531,0.0,7.924896240234375,17.18410873413086,17.18499183654785,0.0,1.034000039100647,0.9067617654800415,50.0,0.09999999403953552,2.2907917499542236,0.0,0.0,0.0,0.0,0.1928102480773201,0.0,0.0,-0.0,0.002991035580635071,-0.0029914705082774162,0.0,-4.3481122702360153e-07,100.40201568603516,100.4019775390625,790.7993774414062,790.7993774414062,790.7993774414062,550.3868408203125,0.0,0.0,34.8572998046875,0.0010999999940395355,0.02200000174343586,0.03299999609589577,78.25286865234375,5655.8173828125,114276.53125,0.02126905508339405,0.0,3.1392715754918754e-05,6375.7060546875,0.0,0.231320321559906,0.0191325880587101,0.0,0.0,34.8390007019043,0.0,0.0,1600.0,0.0,50.0,0.0,0.0,0.0,50.0,50.0,200.0,1.0,1.0,1.0000001192092896,0.0
4790.0,155.49932861328125,309.9742736816406,327.807861328125,327.8069763183594,292.1408386230469,292.1416931152344,16515.818359375,33031.63671875,66.97390747070312,66.97394561767578,1915.8577880859375,3831.611572265625,1915.844970703125,3831.5859375,288.46234130859375,59.024723052978516,-1.910346554723219e-06,0.0,0.0,2582.677978515625,1290.1259765625,0.0,34.8572998046875,2906.63720703125,11.836812973022461,11.836857795715332,971.0772094726562,1942.0587158203125,49.99989700317383,49.9998893737793,100.0,0.0,0.0,344.9919738769531,0.0,7.924896240234375,17.18410873413086,17.18499183654785,0.0,1.034000039100647,0.9067617654800415,50.0,0.09999999403953552,2.2907917499542236,0.0,0.0,0.0,0.0,0.1928102480773201,0.0,0.0,-0.0,0.002991035580635071,-0.0029914705082774162,0.0,-4.3481122702360153e-07,100.40201568603516,100.4019775390625,790.7993774414062,790.7993774414062,790.7993774414062,550.3868408203125,0.0,0.0,34.8572998046875,0.0010999999940395355,0.02200000174343586,0.03299999609589577,78.25286865234375,5655.8173828125,114276.53125,0.02126905508339405,0.0,3.1392715754918754e-05,6389.0458984375,0.0,0.231320321559906,0.0191325880587101,0.0,0.0,34.8390007019043,0.0,0.0,1600.0,0.0,50.0,0.0,0.0,0.0,50.0,50.0,200.0,1.0,1.0,1.0000001192092896,0.0
4800.0,155.49932861328125,309.9742736816406,327.807861328125,327.8069763183594,292.1408386230469,292.1416931152344,16515.818359375,33031.63671875,66.97390747070312,66.97394561767578,1915.8577880859375,3831.611572265625,1915.844970703125,3831.5859375,288.46234130859375,59.024723052978516,-1.910346554723219e-06,0.0,0.0,2582.677978515625,1290.1259765625,0.0,34.8572998046875,2906.63720703125,11.836812973022461,11.836857795715332,971.0772094726562,1942.0587158203125,49.99989700317383,49.9998893737793,100.0,0.0,0.0,344.9919738769531,0.0,7.924896240234375,17.18410873413086,17.18499183654785,0.0,1.034000039100647,0.9067617654800415,50.0,0.09999999403953552,2.2907917499542236,0.0,0.0,0.0,0.0,0.1928102480773201,0.0,0.0,-0.0,0.002991035580635071,-0.0029914705082774162,0.0,-4.3481122702360153e-07,100.40201568603516,100.4019775390625,790.7993774414062,790.7993774414062,790.7993774414062,550.3868408203125,0.0,0.0,34.8572998046875,0.0010999999940395355,0.02200000174343586,0.03299999609589577,78.25286865234375,5655.8173828125,114276.53125,0.02126905508339405,0.0,3.1392715754918754e-05,6402.3857421875,0.0,0.231320321559906,0.0191325880587101,0.0,0.0,34.8390007019043,0.0,0.0,1600.0,0.0,50.0,0.0,0.0,0.0,50.0,50.0,200.0,1.0,1.0,1.0000001192092896,0.0
4810.0,155.49932861328125,309.9742736816406,327.807861328125,327.8069763183594,292.1408386230469,292.1416931152344,16515.818359375,33031.63671875,66.97390747070312,66.97394561767578,1915.8577880859375,3831.611572265625,1915.844970703125,3831.5859375,288.46234130859375,59.024723052978516,-1.910346554723219e-06,0.0,0.0,2582.677978515625,1290.1259765625,0.0,34.8572998046875,2906.63720703125,11.836812973022461,11.836857795715332,971.0772094726562,1942.0587158203125,49.99989700317383,49.9998893737793,100.0,0.0,0.0,344.9919738769531,0.0,7.924896240234375,17.18410873413086,17.18499183654785,0.0,1.034000039100647,0.9067617654800415,50.0,0.09999999403953552,2.2907917499542236,0.0,0.0,0.0,0.0,0.1928102480773201,0.0,0.0,-0.0,0.002991035580635071,-0.0029914705082774162,0.0,-4.3481122702360153e-07,100.40201568603516,100.4019775390625,790.7993774414062,790.7993774414062,790.7993774414062,550.3868408203125,0.0,0.0,34.8572998046875,0.0010999999940395355,0.02200000174343586,0.03299999609589577,78.25286865234375,5655.8173828125,114276.53125,0.02126905508339405,0.0,3.1392715754918754e-05,6415.7255859375,0.0,0.231320321559906,0.0191325880587101,0.0,0.0,34.8390007019043,0.0,0.0,1600.0,0.0,50.0,0.0,0.0,0.0,50.0,50.0,200.0,1.0,1.0,1.0000001192092896,0.0
4820.0,155.49932861328125,309.9742736816406,327.807861328125,327.8069763183594,292.1408386230469,292.1416931152344,16515.818359375,33031.63671875,66.97390747070312,66.97394561767578,1915.8577880859375,3831.611572265625,1915.844970703125,3831.5859375,288.46234130859375,59.024723052978516,-1.910346554723219e-06,0.0,0.0,2582.677978515625,1290.1259765625,0.0,34.8572998046875,2906.63720703125,11.836812973022461,11.836857795715332,971.0772094726562,1942.0587158203125,49.99989700317383,49.9998893737793,100.0,0.0,0.0,344.9919738769531,0.0,7.924896240234375,17.18410873413086,17.18499183654785,0.0,1.034000039100647,0.9067617654800415,50.0,0.09999999403953552,2.2907917499542236,0.0,0.0,0.0,0.0,0.1928102480773201,0.0,0.0,-0.0,0.002991035580635071,-0.0029914705082774162,0.0,-4.3481122702360153e-07,100.40201568603516,100.4019775390625,790.7993774414062,790.7993774414062,790.7993774414062,550.3868408203125,0.0,0.0,34.8572998046875,0.0010999999940395355,0.02200000174343586,0.03299999609589577,78.25286865234375,5655.8173828125,114276.53125,0.02126905508339405,0.0,3.1392715754918754e-05,6429.0654296875,0.0,0.231320321559906,0.0191325880587101,0.0,0.0,34.8390007019043,0.0,0.0,1600.0,0.0,50.0,0.0,0.0,0.0,50.0,50.0,200.0,1.0,1.0,1.0000001192092896,0.0
4830.0,155.49932861328125,309.9742736816406,327.807861328125,327.8069763183594,292.1408386230469,292.1416931152344,16515.818359375,33031.63671875,66.97390747070312,66.97394561767578,1915.8577880859375,3831.611572265625,1915.844970703125,3831.5859375,288.46234130859375,59.024723052978516,-1.910346554723219e-06,0.0,0.0,2582.677978515625,1290.1259765625,0.0,34.8572998046875,2906.63720703125,11.836812973022461,11.836857795715332,971.0772094726562,1942.0587158203125,49.99989700317383,49.9998893737793,100.0,0.0,0.0,344.9919738769531,0.0,7.924896240234375,17.18410873413086,17.18499183654785,0.0,1.034000039100647,0.9067617654800415,50.0,0.09999999403953552,2.2907917499542236,0.0,0.0,0.0,0.0,0.1928102480773201,0.0,0.0,-0.0,0.002991035580635071,-0.0029914705082774162,0.0,-4.3481122702360153e-07,100.40201568603516,100.4019775390625,790.7993774414062,790.7993774414062,790.7993774414062,550.3868408203125,0.0,0.0,34.8572998046875,0.0010999999940395355,0.02200000174343586,0.03299999609589577,78.25286865234375,5655.8173828125,114276.53125,0.02126905508339405,0.0,3.1392715754918754e-05,6442.4052734375,0.0,0.231320321559906,0.0191325880587101,0.0,0.0,34.8390007019043,0.0,0.0,1600.0,0.0,50.0,0.0,0.0,0.0,50.0,50.0,200.0,1.0,1.0,1.0000001192092896,0.0
4840.0,155.49932861328125,309.9742736816406,327.807861328125,327.8069763183594,292.1408386230469,292.1416931152344,16515.818359375,33031.63671875,66.97390747070312,66.97394561767578,1915.8577880859375,3831.611572265625,1915.844970703125,3831.5859375,288.46234130859375,59.024723052978516,-1.910346554723219e-06,0.0,0.0,2582.677978515625,1290.1259765625,0.0,34.8572998046875,2906.63720703125,11.836812973022461,11.836857795715332,971.0772094726562,1942.0587158203125,49.99989700317383,49.9998893737793,100.0,0.0,0.0,344.9919738769531,0.0,7.924896240234375,17.18410873413086,17.18499183654785,0.0,1.034000039100647,0.9067617654800415,50.0,0.09999999403953552,2.2907917499542236,0.0,0.0,0.0,0.0,0.1928102480773201,0.0,0.0,-0.0,0.002991035580635071,-0.0029914705082774162,0.0,-4.3481122702360153e-07,100.40201568603516,100.4019775390625,790.7993774414062,790.7993774414062,790.7993774414062,550.3868408203125,0.0,0.0,34.8572998046875,0.0010999999940395355,0.02200000174343586,0.03299999609589577,78.25286865234375,5655.8173828125,114276.53125,0.02126905508339405,0.0,3.1392715754918754e-05,6455.7451171875,0.0,0.231320321559906,0.0191325880587101,0.0,0.0,34.8390007019043,0.0,0.0,1600.0,0.0,50.0,0.0,0.0,0.0,50.0,50.0,200.0,1.0,1.0,1.0000001192092896,0.0
4850.0,155.49932861328125,309.9742736816406,327.807861328125,327.8069763183594,292.1408386230469,292.1416931152344,16515.818359375,33031.63671875,66.97390747070312,66.97394561767578,1915.8577880859375,3831.611572265625,1915.844970703125,3831.5859375,288.46234130859375,59.024723052978516,-1.910346554723219e-06,0.0,0.0,2582.677978515625,1290.1259765625,0.0,34.8572998046875,2906.63720703125,11.836812973022461,11.836857795715332,971.0772094726562,1942.0587158203125,49.99989700317383,49.9998893737793,100.0,0.0,0.0,344.9919738769531,0.0,7.924896240234375,17.18410873413086,17.18499183654785,0.0,1.034000039100647,0.9067617654800415,50.0,0.09999999403953552,2.2907917499542236,0.0,0.0,0.0,0.0,0.1928102480773201,0.0,0.0,-0.0,0.002991035580635071,-0.0029914705082774162,0.0,-4.3481122702360153e-07,100.40201568603516,100.4019775390625,790.7993774414062,790.7993774414062,790.7993774414062,550.3868408203125,0.0,0.0,34.8572998046875,0.0010999999940395355,0.02200000174343586,0.03299999609589577,78.25286865234375,5655.8173828125,114276.53125,0.02126905508339405,0.0,3.1392715754918754e-05,6469.0849609375,0.0,0.231320321559906,0.0191325880587101,0.0,0.0,34.8390007019043,0.0,0.0,1600.0,0.0,50.0,0.0,0.0,0.0,50.0,50.0,200.0,1.0,1.0,1.0000001192092896,0.0
4860.0,155.49932861328125,309.9742736816406,327.807861328125,327.8069763183594,292.1408386230469,292.1416931152344,16515.818359375,33031.63671875,66.97390747070312,66.97394561767578,1915.8577880859375,3831.611572265625,1915.844970703125,3831.5859375,288.46234130859375,59.024723052978516,-1.910346554723219e-06,0.0,0.0,2582.677978515625,1290.1259765625,0.0,34.8572998046875,2906.63720703125,11.836812973022461,11.836857795715332,971.0772094726562,1942.0587158203125,49.99989700317383,49.9998893737793,100.0,0.0,0.0,344.9919738769531,0.0,7.924896240234375,17.18410873413086,17.18499183654785,0.0,1.034000039100647,0.9067617654800415,50.0,0.09999999403953552,2.2907917499542236,0.0,0.0,0.0,0.0,0.1928102480773201,0.0,0.0,-0.0,0.002991035580635071,-0.0029914705082774162,0.0,-4.3481122702360153e-07,100.40201568603516,100.4019775390625,790.7993774414062,790.7993774414062,790.7993774414062,550.3868408203125,0.0,0.0,34.8572998046875,0.0010999999940395355,0.02200000174343586,0.03299999609589577,78.25286865234375,5655.8173828125,114276.53125,0.02126905508339405,0.0,3.1392715754918754e-05,6482.4248046875,0.0,0.231320321559906,0.0191325880587101,0.0,0.0,34.8390007019043,0.0,0.0,1600.0,0.0,50.0,0.0,0.0,0.0,50.0,50.0,200.0,1.0,1.0,1.0000001192092896,0.0
4870.0,155.49932861328125,309.9742736816406,327.807861328125,327.8069763183594,292.1408386230469,292.1416931152344,16515.818359375,33031.63671875,66.97390747070312,66.97394561767578,1915.8577880859375,3831.611572265625,1915.844970703125,3831.5859375,288.46234130859375,59.024723052978516,-1.910346554723219e-06,0.0,0.0,2582.677978515625,1290.1259765625,0.0,34.8572998046875,2906.63720703125,11.836812973022461,11.836857795715332,971.0772094726562,1942.0587158203125,49.99989700317383,49.9998893737793,100.0,0.0,0.0,344.9919738769531,0.0,7.924896240234375,17.18410873413086,17.18499183654785,0.0,1.034000039100647,0.9067617654800415,50.0,0.09999999403953552,2.2907917499542236,0.0,0.0,0.0,0.0,0.1928102480773201,0.0,0.0,-0.0,0.002991035580635071,-0.0029914705082774162,0.0,-4.3481122702360153e-07,100.40201568603516,100.4019775390625,790.7993774414062,790.7993774414062,790.7993774414062,550.3868408203125,0.0,0.0,34.8572998046875,0.0010999999940395355,0.02200000174343586,0.03299999609589577,78.25286865234375,5655.8173828125,114276.53125,0.02126905508339405,0.0,3.1392715754918754e-05,6495.7646484375,0.0,0.231320321559906,0.0191325880587101,0.0,0.0,34.8390007019043,0.0,0.0,1600.0,0.0,50.0,0.0,0.0,0.0,50.0,50.0,200.0,1.0,1.0,1.0000001192092896,0.0
4880.0,155.49932861328125,309.9742736816406,327.807861328125,327.8069763183594,292.1408386230469,292.1416931152344,16515.818359375,33031.63671875,66.97390747070312,66.97394561767578,1915.8577880859375,3831.611572265625,1915.844970703125,3831.5859375,288.46234130859375,59.024723052978516,-1.910346554723219e-06,0.0,0.0,2582.677978515625,1290.1259765625,0.0,34.8572998046875,2906.63720703125,11.836812973022461,11.836857795715332,971.0772094726562,1942.0587158203125,49.99989700317383,49.9998893737793,100.0,0.0,0.0,344.9919738769531,0.0,7.924896240234375,17.18410873413086,17.18499183654785,0.0,1.034000039100647,0.9067617654800415,50.0,0.09999999403953552,2.2907917499542236,0.0,0.0,0.0,0.0,0.1928102480773201,0.0,0.0,-0.0,0.002991035580635071,-0.0029914705082774162,0.0,-4.3481122702360153e-07,100.40201568603516,100.4019775390625,790.7993774414062,790.7993774414062,790.7993774414062,550.3868408203125,0.0,0.0,34.8572998046875,0.0010999999940395355,0.02200000174343586,0.03299999609589577,78.25286865234375,5655.8173828125,114276.53125,0.02126905508339405,0.0,3.1392715754918754e-05,6509.1044921875,0.0,0.231320321559906,0.0191325880587101,0.0,0.0,34.8390007019043,0.0,0.0,1600.0,0.0,50.0,0.0,0.0,0.0,50.0,50.0,200.0,1.0,1.0,1.0000001192092896,0.0
4890.0,155.49932861328125,309.9742736816406,327.807861328125,327.8069763183594,292.1408386230469,292.1416931152344,16515.818359375,33031.63671875,66.97390747070312,66.97394561767578,1915.8577880859375,3831.611572265625,1915.844970703125,3831.5859375,288.46234130859375,59.024723052978516,-1.910346554723219e-06,0.0,0.0,2582.677978515625,1290.1259765625,0.0,34.8572998046875,2906.63720703125,11.836812973022461,11.836857795715332,971.0772094726562,1942.0587158203125,49.99989700317383,49.9998893737793,100.0,0.0,0.0,344.9919738769531,0.0,7.924896240234375,17.18410873413086,17.18499183654785,0.0,1.034000039100647,0.9067617654800415,50.0,0.09999999403953552,2.2907917499542236,0.0,0.0,0.0,0.0,0.1928102480773201,0.0,0.0,-0.0,0.002991035580635071,-0.0029914705082774162,0.0,-4.3481122702360153e-07,100.40201568603516,100.4019775390625,790.7993774414062,790.7993774414062,790.7993774414062,550.3868408203125,0.0,0.0,34.8572998046875,0.0010999999940395355,0.02200000174343586,0.03299999609589577,78.25286865234375,5655.8173828125,114276.53125,0.02126905508339405,0.0,3.1392715754918754e-05,6522.4443359375,0.0,0.231320321559906,0.0191325880587101,0.0,0.0,34.8390007019043,0.0,0.0,1600.0,0.0,50.0,0.0,0.0,0.0,50.0,50.0,200.0,1.0,1.0,1.0000001192092896,0.0
4900.0,155.49932861328125,309.9742736816406,327.807861328125,327.8069763183594,292.1408386230469,292.1416931152344,16515.818359375,33031.63671875,66.97390747070312,66.97394561767578,1915.8577880859375,3831.611572265625,1915.844970703125,3831.5859375,288.46234130859375,59.024723052978516,-1.910346554723219e-06,0.0,0.0,2582.677978515625,1290.1259765625,0.0,34.8572998046875,2906.63720703125,11.836812973022461,11.836857795715332,971.0772094726562,1942.0587158203125,49.99989700317383,49.9998893737793,100.0,0.0,0.0,344.9919738769531,0.0,7.924896240234375,17.18410873413086,17.18499183654785,0.0,1.034000039100647,0.9067617654800415,50.0,0.09999999403953552,2.2907917499542236,0.0,0.0,0.0,0.0,0.1928102480773201,0.0,0.0,-0.0,0.002991035580635071,-0.0029914705082774162,0.0,-4.3481122702360153e-07,100.40201568603516,100.4019775390625,790.7993774414062,790.7993774414062,790.7993774414062,550.3868408203125,0.0,0.0,34.8572998046875,0.0010999999940395355,0.02200000174343586,0.03299999609589577,78.25286865234375,5655.8173828125,114276.53125,0.02126905508339405,0.0,3.1392715754918754e-05,6535.7841796875,0.0,0.231320321559906,0.0191325880587101,0.0,0.0,34.8390007019043,0.0,0.0,1600.0,0.0,50.0,0.0,0.0,0.0,50.0,50.0,200.0,1.0,1.0,1.0000001192092896,0.0
4910.0,155.49932861328125,309.9742736816406,327.807861328125,327.8069763183594,292.1408386230469,292.1416931152344,16515.818359375,33031.63671875,66.97390747070312,66.97394561767578,1915.8577880859375,3831.611572265625,1915.844970703125,3831.5859375,288.46234130859375,59.024723052978516,-1.910346554723219e-06,0.0,0.0,2582.677978515625,1290.1259765625,0.0,34.8572998046875,2906.63720703125,11.836812973022461,11.836857795715332,971.0772094726562,1942.0587158203125,49.99989700317383,49.9998893737793,100.0,0.0,0.0,344.9919738769531,0.0,7.924896240234375,17.18410873413086,17.18499183654785,0.0,1.034000039100647,0.9067617654800415,50.0,0.09999999403953552,2.2907917499542236,0.0,0.0,0.0,0.0,0.1928102480773201,0.0,0.0,-0.0,0.002991035580635071,-0.0029914705082774162,0.0,-4.3481122702360153e-07,100.40201568603516,100.4019775390625,790.7993774414062,790.7993774414062,790.7993774414062,550.3868408203125,0.0,0.0,34.8572998046875,0.0010999999940395355,0.02200000174343586,0.03299999609589577,78.25286865234375,5655.8173828125,114276.53125,0.02126905508339405,0.0,3.1392715754918754e-05,6549.1240234375,0.0,0.231320321559906,0.0191325880587101,0.0,0.0,34.8390007019043,0.0,0.0,1600.0,0.0,50.0,0.0,0.0,0.0,50.0,50.0,200.0,1.0,1.0,1.0000001192092896,0.0
4920.0,155.49932861328125,309.9742736816406,327.807861328125,327.8069763183594,292.1408386230469,292.1416931152344,16515.818359375,33031.63671875,66.97390747070312,66.97394561767578,1915.8577880859375,3831.611572265625,1915.844970703125,3831.5859375,288.46234130859375,59.024723052978516,-1.910346554723219e-06,0.0,0.0,2582.677978515625,1290.1259765625,0.0,34.8572998046875,2906.63720703125,11.836812973022461,11.836857795715332,971.0772094726562,1942.0587158203125,49.99989700317383,49.9998893737793,100.0,0.0,0.0,344.9919738769531,0.0,7.924896240234375,17.18410873413086,17.18499183654785,0.0,1.034000039100647,0.9067617654800415,50.0,0.09999999403953552,2.2907917499542236,0.0,0.0,0.0,0.0,0.1928102480773201,0.0,0.0,-0.0,0.002991035580635071,-0.0029914705082774162,0.0,-4.3481122702360153e-07,100.40201568603516,100.4019775390625,790.7993774414062,790.7993774414062,790.7993774414062,550.3868408203125,0.0,0.0,34.8572998046875,0.0010999999940395355,0.02200000174343586,0.03299999609589577,78.25286865234375,5655.8173828125,114276.53125,0.02126905508339405,0.0,3.1392715754918754e-05,6562.4638671875,0.0,0.231320321559906,0.0191325880587101,0.0,0.0,34.8390007019043,0.0,0.0,1600.0,0.0,50.0,0.0,0.0,0.0,50.0,50.0,200.0,1.0,1.0,1.0000001192092896,0.0
4930.0,155.49932861328125,309.9742736816406,327.807861328125,327.8069763183594,292.1408386230469,292.1416931152344,16515.818359375,33031.63671875,66.97390747070312,66.97394561767578,1915.8577880859375,3831.611572265625,1915.844970703125,3831.5859375,288.46234130859375,59.024723052978516,-1.910346554723219e-06,0.0,0.0,2582.677978515625,1290.1259765625,0.0,34.8572998046875,2906.63720703125,11.836812973022461,11.836857795715332,971.0772094726562,1942.0587158203125,49.99989700317383,49.9998893737793,100.0,0.0,0.0,344.9919738769531,0.0,7.924896240234375,17.18410873413086,17.18499183654785,0.0,1.034000039100647,0.9067617654800415,50.0,0.09999999403953552,2.2907917499542236,0.0,0.0,0.0,0.0,0.1928102480773201,0.0,0.0,-0.0,0.002991035580635071,-0.0029914705082774162,0.0,-4.3481122702360153e-07,100.40201568603516,100.4019775390625,790.7993774414062,790.7993774414062,790.7993774414062,550.3868408203125,0.0,0.0,34.8572998046875,0.0010999999940395355,0.02200000174343586,0.03299999609589577,78.25286865234375,5655.8173828125,114276.53125,0.02126905508339405,0.0,3.1392715754918754e-05,6575.8037109375,0.0,0.231320321559906,0.0191325880587101,0.0,0.0,34.8390007019043,0.0,0.0,1600.0,0.0,50.0,0.0,0.0,0.0,50.0,50.0,200.0,1.0,1.0,1.0000001192092896,0.0
4940.0,155.49932861328125,309.9742736816406,327.807861328125,327.8069763183594,292.1408386230469,292.1416931152344,16515.818359375,33031.63671875,66.97390747070312,66.97394561767578,1915.8577880859375,3831.611572265625,1915.844970703125,3831.5859375,288.46234130859375,59.024723052978516,-1.910346554723219e-06,0.0,0.0,2582.677978515625,1290.1259765625,0.0,34.8572998046875,2906.63720703125,11.836812973022461,11.836857795715332,971.0772094726562,1942.0587158203125,49.99989700317383,49.9998893737793,100.0,0.0,0.0,344.9919738769531,0.0,7.924896240234375,17.18410873413086,17.18499183654785,0.0,1.034000039100647,0.9067617654800415,50.0,0.09999999403953552,2.2907917499542236,0.0,0.0,0.0,0.0,0.1928102480773201,0.0,0.0,-0.0,0.002991035580635071,-0.0029914705082774162,0.0,-4.3481122702360153e-07,100.40201568603516,100.4019775390625,790.7993774414062,790.7993774414062,790.7993774414062,550.3868408203125,0.0,0.0,34.8572998046875,0.0010999999940395355,0.02200000174343586,0.03299999609589577,78.25286865234375,5655.8173828125,114276.53125,0.02126905508339405,0.0,3.1392715754918754e-05,6589.1435546875,0.0,0.231320321559906,0.0191325880587101,0.0,0.0,34.8390007019043,0.0,0.0,1600.0,0.0,50.0,0.0,0.0,0.0,50.0,50.0,200.0,1.0,1.0,1.0000001192092896,0.0
4950.0,155.49932861328125,309.9742736816406,327.807861328125,327.8069763183594,292.1408386230469,292.1416931152344,16515.818359375,33031.63671875,66.97390747070312,66.97394561767578,1915.8577880859375,3831.611572265625,1915.844970703125,3831.5859375,288.46234130859375,59.024723052978516,-1.910346554723219e-06,0.0,0.0,2582.677978515625,1290.1259765625,0.0,34.8572998046875,2906.63720703125,11.836812973022461,11.836857795715332,971.0772094726562,1942.0587158203125,49.99989700317383,49.9998893737793,100.0,0.0,0.0,344.9919738769531,0.0,7.924896240234375,17.18410873413086,17.18499183654785,0.0,1.034000039100647,0.9067617654800415,50.0,0.09999999403953552,2.2907917499542236,0.0,0.0,0.0,0.0,0.1928102480773201,0.0,0.0,-0.0,0.002991035580635071,-0.0029914705082774162,0.0,-4.3481122702360153e-07,100.40201568603516,100.4019775390625,790.7993774414062,790.7993774414062,790.7993774414062,550.3868408203125,0.0,0.0,34.8572998046875,0.0010999999940395355,0.02200000174343586,0.03299999609589577,78.25286865234375,5655.8173828125,114276.53125,0.02126905508339405,0.0,3.1392715754918754e-05,6602.4833984375,0.0,0.231320321559906,0.0191325880587101,0.0,0.0,34.8390007019043,0.0,0.0,1600.0,0.0,50.0,0.0,0.0,0.0,50.0,50.0,200.0,1.0,1.0,1.0000001192092896,0.0
4960.0,155.49932861328125,309.9742736816406,327.807861328125,327.8069763183594,292.1408386230469,292.1416931152344,16515.818359375,33031.63671875,66.97390747070312,66.97394561767578,1915.8577880859375,3831.611572265625,1915.844970703125,3831.5859375,288.46234130859375,59.024723052978516,-1.910346554723219e-06,0.0,0.0,2582.677978515625,1290.1259765625,0.0,34.8572998046875,2906.63720703125,11.836812973022461,11.836857795715332,971.0772094726562,1942.0587158203125,49.99989700317383,49.9998893737793,100.0,0.0,0.0,344.9919738769531,0.0,7.924896240234375,17.18410873413086,17.18499183654785,0.0,1.034000039100647,0.9067617654800415,50.0,0.09999999403953552,2.2907917499542236,0.0,0.0,0.0,0.0,0.1928102480773201,0.0,0.0,-0.0,0.002991035580635071,-0.0029914705082774162,0.0,-4.3481122702360153e-07,100.40201568603516,100.4019775390625,790.7993774414062,790.7993774414062,790.7993774414062,550.3868408203125,0.0,0.0,34.8572998046875,0.0010999999940395355,0.02200000174343586,0.03299999609589577,78.25286865234375,5655.8173828125,114276.53125,0.02126905508339405,0.0,3.1392715754918754e-05,6615.8232421875,0.0,0.231320321559906,0.0191325880587101,0.0,0.0,34.8390007019043,0.0,0.0,1600.0,0.0,50.0,0.0,0.0,0.0,50.0,50.0,200.0,1.0,1.0,1.0000001192092896,0.0
4970.0,155.49932861328125,309.9742736816406,327.807861328125,327.8069763183594,292.1408386230469,292.1416931152344,16515.818359375,33031.63671875,66.97390747070312,66.97394561767578,1915.8577880859375,3831.611572265625,1915.844970703125,3831.5859375,288.46234130859375,59.024723052978516,-1.910346554723219e-06,0.0,0.0,2582.677978515625,1290.1259765625,0.0,34.8572998046875,2906.63720703125,11.836812973022461,11.836857795715332,971.0772094726562,1942.0587158203125,49.99989700317383,49.9998893737793,100.0,0.0,0.0,344.9919738769531,0.0,7.924896240234375,17.18410873413086,17.18499183654785,0.0,1.034000039100647,0.9067617654800415,50.0,0.09999999403953552,2.2907917499542236,0.0,0.0,0.0,0.0,0.1928102480773201,0.0,0.0,-0.0,0.002991035580635071,-0.0029914705082774162,0.0,-4.3481122702360153e-07,100.40201568603516,100.4019775390625,790.7993774414062,790.7993774414062,790.7993774414062,550.3868408203125,0.0,0.0,34.8572998046875,0.0010999999940395355,0.02200000174343586,0.03299999609589577,78.25286865234375,5655.8173828125,114276.53125,0.02126905508339405,0.0,3.1392715754918754e-05,6629.1630859375,0.0,0.231320321559906,0.0191325880587101,0.0,0.0,34.8390007019043,0.0,0.0,1600.0,0.0,50.0,0.0,0.0,0.0,50.0,50.0,200.0,1.0,1.0,1.0000001192092896,0.0
4980.0,155.49932861328125,309.9742736816406,327.807861328125,327.8069763183594,292.1408386230469,292.1416931152344,16515.818359375,33031.63671875,66.97390747070312,66.97394561767578,1915.8577880859375,3831.611572265625,1915.844970703125,3831.5859375,288.46234130859375,59.024723052978516,-1.910346554723219e-06,0.0,0.0,2582.677978515625,1290.1259765625,0.0,34.8572998046875,2906.63720703125,11.836812973022461,11.836857795715332,971.0772094726562,1942.0587158203125,49.99989700317383,49.9998893737793,100.0,0.0,0.0,344.9919738769531,0.0,7.924896240234375,17.18410873413086,17.18499183654785,0.0,1.034000039100647,0.9067617654800415,50.0,0.09999999403953552,2.2907917499542236,0.0,0.0,0.0,0.0,0.1928102480773201,0.0,0.0,-0.0,0.002991035580635071,-0.0029914705082774162,0.0,-4.3481122702360153e-07,100.40201568603516,100.4019775390625,790.7993774414062,790.7993774414062,790.7993774414062,550.3868408203125,0.0,0.0,34.8572998046875,0.0010999999940395355,0.02200000174343586,0.03299999609589577,78.25286865234375,5655.8173828125,114276.53125,0.02126905508339405,0.0,3.1392715754918754e-05,6642.5029296875,0.0,0.231320321559906,0.0191325880587101,0.0,0.0,34.8390007019043,0.0,0.0,1600.0,0.0,50.0,0.0,0.0,0.0,50.0,50.0,200.0,1.0,1.0,1.0000001192092896,0.0
4990.0,155.49932861328125,309.9742736816406,327.807861328125,327.8069763183594,292.1408386230469,292.1416931152344,16515.818359375,33031.63671875,66.97390747070312,66.97394561767578,1915.8577880859375,3831.611572265625,1915.844970703125,3831.5859375,288.46234130859375,59.024723052978516,-1.910346554723219e-06,0.0,0.0,2582.677978515625,1290.1259765625,0.0,34.8572998046875,2906.63720703125,11.836812973022461,11.836857795715332,971.0772094726562,1942.0587158203125,49.99989700317383,49.9998893737793,100.0,0.0,0.0,344.9919738769531,0.0,7.924896240234375,17.18410873413086,17.18499183654785,0.0,1.034000039100647,0.9067617654800415,50.0,0.09999999403953552,2.2907917499542236,0.0,0.0,0.0,0.0,0.1928102480773201,0.0,0.0,-0.0,0.002991035580635071,-0.0029914705082774162,0.0,-4.3481122702360153e-07,100.40201568603516,100.4019775390625,790.7993774414062,790.7993774414062,790.7993774414062,550.3868408203125,0.0,0.0,34.8572998046875,0.0010999999940395355,0.02200000174343586,0.03299999609589577,78.25286865234375,5655.8173828125,114276.53125,0.02126905508339405,0.0,3.1392715754918754e-05,6655.8427734375,0.0,0.231320321559906,0.0191325880587101,0.0,0.0,34.8390007019043,0.0,0.0,1600.0,0.0,50.0,0.0,0.0,0.0,50.0,50.0,200.0,1.0,1.0,1.0000001192092896,0.0
5000.0,155.49932861328125,309.9742736816406,327.807861328125,327.8069763183594,292.1408386230469,292.1416931152344,16515.818359375,33031.63671875,66.97390747070312,66.97394561767578,1915.8577880859375,3831.611572265625,1915.844970703125,3831.5859375,288.46234130859375,59.024723052978516,-1.910346554723219e-06,0.0,0.0,2582.677978515625,1290.1259765625,0.0,34.8572998046875,2906.63720703125,11.836812973022461,11.836857795715332,971.0772094726562,1942.0587158203125,49.99989700317383,49.9998893737793,100.0,0.0,0.0,344.9919738769531,0.0,7.924896240234375,17.18410873413086,17.18499183654785,0.0,1.034000039100647,0.9067617654800415,50.0,0.09999999403953552,2.2907917499542236,0.0,0.0,0.0,0.0,0.1928102480773201,0.0,0.0,-0.0,0.002991035580635071,-0.0029914705082774162,0.0,-4.3481122702360153e-07,100.40201568603516,100.4019775390625,790.7993774414062,790.7993774414062,790.7993774414062,550.3868408203125,0.0,0.0,34.8572998046875,0.0010999999940395355,0.02200000174343586,0.03299999609589577,78.25286865234375,5655.8173828125,114276.53125,0.02126905508339405,0.0,3.1392715754918754e-05,6669.1826171875,0.0,0.231320321559906,0.0191325880587101,0.0,0.0,34.8390007019043,0.0,0.0,1600.0,0.0,50.0,0.0,0.0,0.0,50.0,50.0,200.0,1.0,1.0,1.0000001192092896,0.0
5010.0,155.49932861328125,309.9742736816406,327.807861328125,327.8069763183594,292.1408386230469,292.1416931152344,16515.818359375,33031.63671875,66.97390747070312,66.97394561767578,1915.8577880859375,3831.611572265625,1915.844970703125,3831.5859375,288.46234130859375,59.024723052978516,-1.910346554723219e-06,0.0,0.0,2582.677978515625,1290.1259765625,0.0,34.8572998046875,2906.63720703125,11.836812973022461,11.836857795715332,971.0772094726562,1942.0587158203125,49.99989700317383,49.9998893737793,100.0,0.0,0.0,344.9919738769531,0.0,7.924896240234375,17.18410873413086,17.18499183654785,0.0,1.034000039100647,0.9067617654800415,50.0,0.09999999403953552,2.2907917499542236,0.0,0.0,0.0,0.0,0.1928102480773201,0.0,0.0,-0.0,0.002991035580635071,-0.0029914705082774162,0.0,-4.3481122702360153e-07,100.40201568603516,100.4019775390625,790.7993774414062,790.7993774414062,790.7993774414062,550.3868408203125,0.0,0.0,34.8572998046875,0.0010999999940395355,0.02200000174343586,0.03299999609589577,78.25286865234375,5655.8173828125,114276.53125,0.02126905508339405,0.0,3.1392715754918754e-05,6682.5224609375,0.0,0.231320321559906,0.0191325880587101,0.0,0.0,34.8390007019043,0.0,0.0,1600.0,0.0,50.0,0.0,0.0,0.0,50.0,50.0,200.0,1.0,1.0,1.0000001192092896,0.0
5020.0,155.49932861328125,309.9742736816406,327.807861328125,327.8069763183594,292.1408386230469,292.1416931152344,16515.818359375,33031.63671875,66.97390747070312,66.97394561767578,1915.8577880859375,3831.611572265625,1915.844970703125,3831.5859375,288.46234130859375,59.024723052978516,-1.910346554723219e-06,0.0,0.0,2582.677978515625,1290.1259765625,0.0,34.8572998046875,2906.63720703125,11.836812973022461,11.836857795715332,971.0772094726562,1942.0587158203125,49.99989700317383,49.9998893737793,100.0,0.0,0.0,344.9919738769531,0.0,7.924896240234375,17.18410873413086,17.18499183654785,0.0,1.034000039100647,0.9067617654800415,50.0,0.09999999403953552,2.2907917499542236,0.0,0.0,0.0,0.0,0.1928102480773201,0.0,0.0,-0.0,0.002991035580635071,-0.0029914705082774162,0.0,-4.3481122702360153e-07,100.40201568603516,100.4019775390625,790.7993774414062,790.7993774414062,790.7993774414062,550.3868408203125,0.0,0.0,34.8572998046875,0.0010999999940395355,0.02200000174343586,0.03299999609589577,78.25286865234375,5655.8173828125,114276.53125,0.02126905508339405,0.0,3.1392715754918754e-05,6695.8623046875,0.0,0.231320321559906,0.0191325880587101,0.0,0.0,34.8390007019043,0.0,0.0,1600.0,0.0,50.0,0.0,0.0,0.0,50.0,50.0,200.0,1.0,1.0,1.0000001192092896,0.0
5030.0,155.49932861328125,309.9742736816406,327.807861328125,327.8069763183594,292.1408386230469,292.1416931152344,16515.818359375,33031.63671875,66.97390747070312,66.97394561767578,1915.8577880859375,3831.611572265625,1915.844970703125,3831.5859375,288.46234130859375,59.024723052978516,-1.910346554723219e-06,0.0,0.0,2582.677978515625,1290.1259765625,0.0,34.8572998046875,2906.63720703125,11.836812973022461,11.836857795715332,971.0772094726562,1942.0587158203125,49.99989700317383,49.9998893737793,100.0,0.0,0.0,344.9919738769531,0.0,7.924896240234375,17.18410873413086,17.18499183654785,0.0,1.034000039100647,0.9067617654800415,50.0,0.09999999403953552,2.2907917499542236,0.0,0.0,0.0,0.0,0.1928102480773201,0.0,0.0,-0.0,0.002991035580635071,-0.0029914705082774162,0.0,-4.3481122702360153e-07,100.40201568603516,100.4019775390625,790.7993774414062,790.7993774414062,790.7993774414062,550.3868408203125,0.0,0.0,34.8572998046875,0.0010999999940395355,0.02200000174343586,0.03299999609589577,78.25286865234375,5655.8173828125,114276.53125,0.02126905508339405,0.0,3.1392715754918754e-05,6709.2021484375,0.0,0.231320321559906,0.0191325880587101,0.0,0.0,34.8390007019043,0.0,0.0,1600.0,0.0,50.0,0.0,0.0,0.0,50.0,50.0,200.0,1.0,1.0,1.0000001192092896,0.0
5040.0,155.49932861328125,309.9742736816406,327.807861328125,327.8069763183594,292.1408386230469,292.1416931152344,16515.818359375,33031.63671875,66.97390747070312,66.97394561767578,1915.8577880859375,3831.611572265625,1915.844970703125,3831.5859375,288.46234130859375,59.024723052978516,-1.910346554723219e-06,0.0,0.0,2582.677978515625,1290.1259765625,0.0,34.8572998046875,2906.63720703125,11.836812973022461,11.836857795715332,971.0772094726562,1942.0587158203125,49.99989700317383,49.9998893737793,100.0,0.0,0.0,344.9919738769531,0.0,7.924896240234375,17.18410873413086,17.18499183654785,0.0,1.034000039100647,0.9067617654800415,50.0,0.09999999403953552,2.2907917499542236,0.0,0.0,0.0,0.0,0.1928102480773201,0.0,0.0,-0.0,0.002991035580635071,-0.0029914705082774162,0.0,-4.3481122702360153e-07,100.40201568603516,100.4019775390625,790.7993774414062,790.7993774414062,790.7993774414062,550.3868408203125,0.0,0.0,34.8572998046875,0.0010999999940395355,0.02200000174343586,0.03299999609589577,78.25286865234375,5655.8173828125,114276.53125,0.02126905508339405,0.0,3.1392715754918754e-05,6722.5419921875,0.0,0.231320321559906,0.0191325880587101,0.0,0.0,34.8390007019043,0.0,0.0,1600.0,0.0,50.0,0.0,0.0,0.0,50.0,50.0,200.0,1.0,1.0,1.0000001192092896,0.0
5050.0,155.49932861328125,309.9742736816406,327.807861328125,327.8069763183594,292.1408386230469,292.1416931152344,16515.818359375,33031.63671875,66.97390747070312,66.97394561767578,1915.8577880859375,3831.611572265625,1915.844970703125,3831.5859375,288.46234130859375,59.024723052978516,-1.910346554723219e-06,0.0,0.0,2582.677978515625,1290.1259765625,0.0,34.8572998046875,2906.63720703125,11.836812973022461,11.836857795715332,971.0772094726562,1942.0587158203125,49.99989700317383,49.9998893737793,100.0,0.0,0.0,344.9919738769531,0.0,7.924896240234375,17.18410873413086,17.18499183654785,0.0,1.034000039100647,0.9067617654800415,50.0,0.09999999403953552,2.2907917499542236,0.0,0.0,0.0,0.0,0.1928102480773201,0.0,0.0,-0.0,0.002991035580635071,-0.0029914705082774162,0.0,-4.3481122702360153e-07,100.40201568603516,100.4019775390625,790.7993774414062,790.7993774414062,790.7993774414062,550.3868408203125,0.0,0.0,34.8572998046875,0.0010999999940395355,0.02200000174343586,0.03299999609589577,78.25286865234375,5655.8173828125,114276.53125,0.02126905508339405,0.0,3.1392715754918754e-05,6735.8818359375,0.0,0.231320321559906,0.0191325880587101,0.0,0.0,34.8390007019043,0.0,0.0,1600.0,0.0,50.0,0.0,0.0,0.0,50.0,50.0,200.0,1.0,1.0,1.0000001192092896,0.0
5060.0,155.49932861328125,309.9742736816406,327.807861328125,327.8069763183594,292.1408386230469,292.1416931152344,16515.818359375,33031.63671875,66.97390747070312,66.97394561767578,1915.8577880859375,3831.611572265625,1915.844970703125,3831.5859375,288.46234130859375,59.024723052978516,-1.910346554723219e-06,0.0,0.0,2582.677978515625,1290.1259765625,0.0,34.8572998046875,2906.63720703125,11.836812973022461,11.836857795715332,971.0772094726562,1942.0587158203125,49.99989700317383,49.9998893737793,100.0,0.0,0.0,344.9919738769531,0.0,7.924896240234375,17.18410873413086,17.18499183654785,0.0,1.034000039100647,0.9067617654800415,50.0,0.09999999403953552,2.2907917499542236,0.0,0.0,0.0,0.0,0.1928102480773201,0.0,0.0,-0.0,0.002991035580635071,-0.0029914705082774162,0.0,-4.3481122702360153e-07,100.40201568603516,100.4019775390625,790.7993774414062,790.7993774414062,790.7993774414062,550.3868408203125,0.0,0.0,34.8572998046875,0.0010999999940395355,0.02200000174343586,0.03299999609589577,78.25286865234375,5655.8173828125,114276.53125,0.02126905508339405,0.0,3.1392715754918754e-05,6749.2216796875,0.0,0.231320321559906,0.0191325880587101,0.0,0.0,34.8390007019043,0.0,0.0,1600.0,0.0,50.0,0.0,0.0,0.0,50.0,50.0,200.0,1.0,1.0,1.0000001192092896,0.0
5070.0,155.49932861328125,309.9742736816406,327.807861328125,327.8069763183594,292.1408386230469,292.1416931152344,16515.818359375,33031.63671875,66.97390747070312,66.97394561767578,1915.8577880859375,3831.611572265625,1915.844970703125,3831.5859375,288.46234130859375,59.024723052978516,-1.910346554723219e-06,0.0,0.0,2582.677978515625,1290.1259765625,0.0,34.8572998046875,2906.63720703125,11.836812973022461,11.836857795715332,971.0772094726562,1942.0587158203125,49.99989700317383,49.9998893737793,100.0,0.0,0.0,344.9919738769531,0.0,7.924896240234375,17.18410873413086,17.18499183654785,0.0,1.034000039100647,0.9067617654800415,50.0,0.09999999403953552,2.2907917499542236,0.0,0.0,0.0,0.0,0.1928102480773201,0.0,0.0,-0.0,0.002991035580635071,-0.0029914705082774162,0.0,-4.3481122702360153e-07,100.40201568603516,100.4019775390625,790.7993774414062,790.7993774414062,790.7993774414062,550.3868408203125,0.0,0.0,34.8572998046875,0.0010999999940395355,0.02200000174343586,0.03299999609589577,78.25286865234375,5655.8173828125,114276.53125,0.02126905508339405,0.0,3.1392715754918754e-05,6762.5615234375,0.0,0.231320321559906,0.0191325880587101,0.0,0.0,34.8390007019043,0.0,0.0,1600.0,0.0,50.0,0.0,0.0,0.0,50.0,50.0,200.0,1.0,1.0,1.0000001192092896,0.0
5080.0,155.49932861328125,309.9742736816406,327.807861328125,327.8069763183594,292.1408386230469,292.1416931152344,16515.818359375,33031.63671875,66.97390747070312,66.97394561767578,1915.8577880859375,3831.611572265625,1915.844970703125,3831.5859375,288.46234130859375,59.024723052978516,-1.910346554723219e-06,0.0,0.0,2582.677978515625,1290.1259765625,0.0,34.8572998046875,2906.63720703125,11.836812973022461,11.836857795715332,971.0772094726562,1942.0587158203125,49.99989700317383,49.9998893737793,100.0,0.0,0.0,344.9919738769531,0.0,7.924896240234375,17.18410873413086,17.18499183654785,0.0,1.034000039100647,0.9067617654800415,50.0,0.09999999403953552,2.2907917499542236,0.0,0.0,0.0,0.0,0.1928102480773201,0.0,0.0,-0.0,0.002991035580635071,-0.0029914705082774162,0.0,-4.3481122702360153e-07,100.40201568603516,100.4019775390625,790.7993774414062,790.7993774414062,790.7993774414062,550.3868408203125,0.0,0.0,34.8572998046875,0.0010999999940395355,0.02200000174343586,0.03299999609589577,78.25286865234375,5655.8173828125,114276.53125,0.02126905508339405,0.0,3.1392715754918754e-05,6775.9013671875,0.0,0.231320321559906,0.0191325880587101,0.0,0.0,34.8390007019043,0.0,0.0,1600.0,0.0,50.0,0.0,0.0,0.0,50.0,50.0,200.0,1.0,1.0,1.0000001192092896,0.0
5090.0,155.49932861328125,309.9742736816406,327.807861328125,327.8069763183594,292.1408386230469,292.1416931152344,16515.818359375,33031.63671875,66.97390747070312,66.97394561767578,1915.8577880859375,3831.611572265625,1915.844970703125,3831.5859375,288.46234130859375,59.024723052978516,-1.910346554723219e-06,0.0,0.0,2582.677978515625,1290.1259765625,0.0,34.8572998046875,2906.63720703125,11.836812973022461,11.836857795715332,971.0772094726562,1942.0587158203125,49.99989700317383,49.9998893737793,100.0,0.0,0.0,344.9919738769531,0.0,7.924896240234375,17.18410873413086,17.18499183654785,0.0,1.034000039100647,0.9067617654800415,50.0,0.09999999403953552,2.2907917499542236,0.0,0.0,0.0,0.0,0.1928102480773201,0.0,0.0,-0.0,0.002991035580635071,-0.0029914705082774162,0.0,-4.3481122702360153e-07,100.40201568603516,100.4019775390625,790.7993774414062,790.7993774414062,790.7993774414062,550.3868408203125,0.0,0.0,34.8572998046875,0.0010999999940395355,0.02200000174343586,0.03299999609589577,78.25286865234375,5655.8173828125,114276.53125,0.02126905508339405,0.0,3.1392715754918754e-05,6789.2412109375,0.0,0.231320321559906,0.0191325880587101,0.0,0.0,34.8390007019043,0.0,0.0,1600.0,0.0,50.0,0.0,0.0,0.0,50.0,50.0,200.0,1.0,1.0,1.0000001192092896,0.0
5100.0,155.49932861328125,309.9742736816406,327.807861328125,327.8069763183594,292.1408386230469,292.1416931152344,16515.818359375,33031.63671875,66.97390747070312,66.97394561767578,1915.8577880859375,3831.611572265625,1915.844970703125,3831.5859375,288.46234130859375,59.024723052978516,-1.910346554723219e-06,0.0,0.0,2582.677978515625,1290.1259765625,0.0,34.8572998046875,2906.63720703125,11.836812973022461,11.836857795715332,971.0772094726562,1942.0587158203125,49.99989700317383,49.9998893737793,100.0,0.0,0.0,344.9919738769531,0.0,7.924896240234375,17.18410873413086,17.18499183654785,0.0,1.034000039100647,0.9067617654800415,50.0,0.09999999403953552,2.2907917499542236,0.0,0.0,0.0,0.0,0.1928102480773201,0.0,0.0,-0.0,0.002991035580635071,-0.0029914705082774162,0.0,-4.3481122702360153e-07,100.40201568603516,100.4019775390625,790.7993774414062,790.7993774414062,790.7993774414062,550.3868408203125,0.0,0.0,34.8572998046875,0.0010999999940395355,0.02200000174343586,0.03299999609589577,78.25286865234375,5655.8173828125,114276.53125,0.02126905508339405,0.0,3.1392715754918754e-05,6802.5810546875,0.0,0.231320321559906,0.0191325880587101,0.0,0.0,34.8390007019043,0.0,0.0,1600.0,0.0,50.0,0.0,0.0,0.0,50.0,50.0,200.0,1.0,1.0,1.0000001192092896,0.0
5110.0,155.49932861328125,309.9742736816406,327.807861328125,327.8069763183594,292.1408386230469,292.1416931152344,16515.818359375,33031.63671875,66.97390747070312,66.97394561767578,1915.8577880859375,3831.611572265625,1915.844970703125,3831.5859375,288.46234130859375,59.024723052978516,-1.910346554723219e-06,0.0,0.0,2582.677978515625,1290.1259765625,0.0,34.8572998046875,2906.63720703125,11.836812973022461,11.836857795715332,971.0772094726562,1942.0587158203125,49.99989700317383,49.9998893737793,100.0,0.0,0.0,344.9919738769531,0.0,7.924896240234375,17.18410873413086,17.18499183654785,0.0,1.034000039100647,0.9067617654800415,50.0,0.09999999403953552,2.2907917499542236,0.0,0.0,0.0,0.0,0.1928102480773201,0.0,0.0,-0.0,0.002991035580635071,-0.0029914705082774162,0.0,-4.3481122702360153e-07,100.40201568603516,100.4019775390625,790.7993774414062,790.7993774414062,790.7993774414062,550.3868408203125,0.0,0.0,34.8572998046875,0.0010999999940395355,0.02200000174343586,0.03299999609589577,78.25286865234375,5655.8173828125,114276.53125,0.02126905508339405,0.0,3.1392715754918754e-05,6815.9208984375,0.0,0.231320321559906,0.0191325880587101,0.0,0.0,34.8390007019043,0.0,0.0,1600.0,0.0,50.0,0.0,0.0,0.0,50.0,50.0,200.0,1.0,1.0,1.0000001192092896,0.0
5120.0,155.49932861328125,309.9742736816406,327.807861328125,327.8069763183594,292.1408386230469,292.1416931152344,16515.818359375,33031.63671875,66.97390747070312,66.97394561767578,1915.8577880859375,3831.611572265625,1915.844970703125,3831.5859375,288.46234130859375,59.024723052978516,-1.910346554723219e-06,0.0,0.0,2582.677978515625,1290.1259765625,0.0,34.8572998046875,2906.63720703125,11.836812973022461,11.836857795715332,971.0772094726562,1942.0587158203125,49.99989700317383,49.9998893737793,100.0,0.0,0.0,344.9919738769531,0.0,7.924896240234375,17.18410873413086,17.18499183654785,0.0,1.034000039100647,0.9067617654800415,50.0,0.09999999403953552,2.2907917499542236,0.0,0.0,0.0,0.0,0.1928102480773201,0.0,0.0,-0.0,0.002991035580635071,-0.0029914705082774162,0.0,-4.3481122702360153e-07,100.40201568603516,100.4019775390625,790.7993774414062,790.7993774414062,790.7993774414062,550.3868408203125,0.0,0.0,34.8572998046875,0.0010999999940395355,0.02200000174343586,0.03299999609589577,78.25286865234375,5655.8173828125,114276.53125,0.02126905508339405,0.0,3.1392715754918754e-05,6829.2607421875,0.0,0.231320321559906,0.0191325880587101,0.0,0.0,34.8390007019043,0.0,0.0,1600.0,0.0,50.0,0.0,0.0,0.0,50.0,50.0,200.0,1.0,1.0,1.0000001192092896,0.0
5130.0,155.49932861328125,309.9742736816406,327.807861328125,327.8069763183594,292.1408386230469,292.1416931152344,16515.818359375,33031.63671875,66.97390747070312,66.97394561767578,1915.8577880859375,3831.611572265625,1915.844970703125,3831.5859375,288.46234130859375,59.024723052978516,-1.910346554723219e-06,0.0,0.0,2582.677978515625,1290.1259765625,0.0,34.8572998046875,2906.63720703125,11.836812973022461,11.836857795715332,971.0772094726562,1942.0587158203125,49.99989700317383,49.9998893737793,100.0,0.0,0.0,344.9919738769531,0.0,7.924896240234375,17.18410873413086,17.18499183654785,0.0,1.034000039100647,0.9067617654800415,50.0,0.09999999403953552,2.2907917499542236,0.0,0.0,0.0,0.0,0.1928102480773201,0.0,0.0,-0.0,0.002991035580635071,-0.0029914705082774162,0.0,-4.3481122702360153e-07,100.40201568603516,100.4019775390625,790.7993774414062,790.7993774414062,790.7993774414062,550.3868408203125,0.0,0.0,34.8572998046875,0.0010999999940395355,0.02200000174343586,0.03299999609589577,78.25286865234375,5655.8173828125,114276.53125,0.02126905508339405,0.0,3.1392715754918754e-05,6842.6005859375,0.0,0.231320321559906,0.0191325880587101,0.0,0.0,34.8390007019043,0.0,0.0,1600.0,0.0,50.0,0.0,0.0,0.0,50.0,50.0,200.0,1.0,1.0,1.0000001192092896,0.0
5140.0,155.49932861328125,309.9742736816406,327.807861328125,327.8069763183594,292.1408386230469,292.1416931152344,16515.818359375,33031.63671875,66.97390747070312,66.97394561767578,1915.8577880859375,3831.611572265625,1915.844970703125,3831.5859375,288.46234130859375,59.024723052978516,-1.910346554723219e-06,0.0,0.0,2582.677978515625,1290.1259765625,0.0,34.8572998046875,2906.63720703125,11.836812973022461,11.836857795715332,971.0772094726562,1942.0587158203125,49.99989700317383,49.9998893737793,100.0,0.0,0.0,344.9919738769531,0.0,7.924896240234375,17.18410873413086,17.18499183654785,0.0,1.034000039100647,0.9067617654800415,50.0,0.09999999403953552,2.2907917499542236,0.0,0.0,0.0,0.0,0.1928102480773201,0.0,0.0,-0.0,0.002991035580635071,-0.0029914705082774162,0.0,-4.3481122702360153e-07,100.40201568603516,100.4019775390625,790.7993774414062,790.7993774414062,790.7993774414062,550.3868408203125,0.0,0.0,34.8572998046875,0.0010999999940395355,0.02200000174343586,0.03299999609589577,78.25286865234375,5655.8173828125,114276.53125,0.02126905508339405,0.0,3.1392715754918754e-05,6855.9404296875,0.0,0.231320321559906,0.0191325880587101,0.0,0.0,34.8390007019043,0.0,0.0,1600.0,0.0,50.0,0.0,0.0,0.0,50.0,50.0,200.0,1.0,1.0,1.0000001192092896,0.0
5150.0,155.49932861328125,309.9742736816406,327.807861328125,327.8069763183594,292.1408386230469,292.1416931152344,16515.818359375,33031.63671875,66.97390747070312,66.97394561767578,1915.8577880859375,3831.611572265625,1915.844970703125,3831.5859375,288.46234130859375,59.024723052978516,-1.910346554723219e-06,0.0,0.0,2582.677978515625,1290.1259765625,0.0,34.8572998046875,2906.63720703125,11.836812973022461,11.836857795715332,971.0772094726562,1942.0587158203125,49.99989700317383,49.9998893737793,100.0,0.0,0.0,344.9919738769531,0.0,7.924896240234375,17.18410873413086,17.18499183654785,0.0,1.034000039100647,0.9067617654800415,50.0,0.09999999403953552,2.2907917499542236,0.0,0.0,0.0,0.0,0.1928102480773201,0.0,0.0,-0.0,0.002991035580635071,-0.0029914705082774162,0.0,-4.3481122702360153e-07,100.40201568603516,100.4019775390625,790.7993774414062,790.7993774414062,790.7993774414062,550.3868408203125,0.0,0.0,34.8572998046875,0.0010999999940395355,0.02200000174343586,0.03299999609589577,78.25286865234375,5655.8173828125,114276.53125,0.02126905508339405,0.0,3.1392715754918754e-05,6869.2802734375,0.0,0.231320321559906,0.0191325880587101,0.0,0.0,34.8390007019043,0.0,0.0,1600.0,0.0,50.0,0.0,0.0,0.0,50.0,50.0,200.0,1.0,1.0,1.0000001192092896,0.0
5160.0,155.49932861328125,309.9742736816406,327.807861328125,327.8069763183594,292.1408386230469,292.1416931152344,16515.818359375,33031.63671875,66.97390747070312,66.97394561767578,1915.8577880859375,3831.611572265625,1915.844970703125,3831.5859375,288.46234130859375,59.024723052978516,-1.910346554723219e-06,0.0,0.0,2582.677978515625,1290.1259765625,0.0,34.8572998046875,2906.63720703125,11.836812973022461,11.836857795715332,971.0772094726562,1942.0587158203125,49.99989700317383,49.9998893737793,100.0,0.0,0.0,344.9919738769531,0.0,7.924896240234375,17.18410873413086,17.18499183654785,0.0,1.034000039100647,0.9067617654800415,50.0,0.09999999403953552,2.2907917499542236,0.0,0.0,0.0,0.0,0.1928102480773201,0.0,0.0,-0.0,0.002991035580635071,-0.0029914705082774162,0.0,-4.3481122702360153e-07,100.40201568603516,100.4019775390625,790.7993774414062,790.7993774414062,790.7993774414062,550.3868408203125,0.0,0.0,34.8572998046875,0.0010999999940395355,0.02200000174343586,0.03299999609589577,78.25286865234375,5655.8173828125,114276.53125,0.02126905508339405,0.0,3.1392715754918754e-05,6882.6201171875,0.0,0.231320321559906,0.0191325880587101,0.0,0.0,34.8390007019043,0.0,0.0,1600.0,0.0,50.0,0.0,0.0,0.0,50.0,50.0,200.0,1.0,1.0,1.0000001192092896,0.0
5170.0,155.49932861328125,309.9742736816406,327.807861328125,327.8069763183594,292.1408386230469,292.1416931152344,16515.818359375,33031.63671875,66.97390747070312,66.97394561767578,1915.8577880859375,3831.611572265625,1915.844970703125,3831.5859375,288.46234130859375,59.024723052978516,-1.910346554723219e-06,0.0,0.0,2582.677978515625,1290.1259765625,0.0,34.8572998046875,2906.63720703125,11.836812973022461,11.836857795715332,971.0772094726562,1942.0587158203125,49.99989700317383,49.9998893737793,100.0,0.0,0.0,344.9919738769531,0.0,7.924896240234375,17.18410873413086,17.18499183654785,0.0,1.034000039100647,0.9067617654800415,50.0,0.09999999403953552,2.2907917499542236,0.0,0.0,0.0,0.0,0.1928102480773201,0.0,0.0,-0.0,0.002991035580635071,-0.0029914705082774162,0.0,-4.3481122702360153e-07,100.40201568603516,100.4019775390625,790.7993774414062,790.7993774414062,790.7993774414062,550.3868408203125,0.0,0.0,34.8572998046875,0.0010999999940395355,0.02200000174343586,0.03299999609589577,78.25286865234375,5655.8173828125,114276.53125,0.02126905508339405,0.0,3.1392715754918754e-05,6895.9599609375,0.0,0.231320321559906,0.0191325880587101,0.0,0.0,34.8390007019043,0.0,0.0,1600.0,0.0,50.0,0.0,0.0,0.0,50.0,50.0,200.0,1.0,1.0,1.0000001192092896,0.0
5180.0,155.49932861328125,309.9742736816406,327.807861328125,327.8069763183594,292.1408386230469,292.1416931152344,16515.818359375,33031.63671875,66.97390747070312,66.97394561767578,1915.8577880859375,3831.611572265625,1915.844970703125,3831.5859375,288.46234130859375,59.024723052978516,-1.910346554723219e-06,0.0,0.0,2582.677978515625,1290.1259765625,0.0,34.8572998046875,2906.63720703125,11.836812973022461,11.836857795715332,971.0772094726562,1942.0587158203125,49.99989700317383,49.9998893737793,100.0,0.0,0.0,344.9919738769531,0.0,7.924896240234375,17.18410873413086,17.18499183654785,0.0,1.034000039100647,0.9067617654800415,50.0,0.09999999403953552,2.2907917499542236,0.0,0.0,0.0,0.0,0.1928102480773201,0.0,0.0,-0.0,0.002991035580635071,-0.0029914705082774162,0.0,-4.3481122702360153e-07,100.40201568603516,100.4019775390625,790.7993774414062,790.7993774414062,790.7993774414062,550.3868408203125,0.0,0.0,34.8572998046875,0.0010999999940395355,0.02200000174343586,0.03299999609589577,78.25286865234375,5655.8173828125,114276.53125,0.02126905508339405,0.0,3.1392715754918754e-05,6909.2998046875,0.0,0.231320321559906,0.0191325880587101,0.0,0.0,34.8390007019043,0.0,0.0,1600.0,0.0,50.0,0.0,0.0,0.0,50.0,50.0,200.0,1.0,1.0,1.0000001192092896,0.0
5190.0,155.49932861328125,309.9742736816406,327.807861328125,327.8069763183594,292.1408386230469,292.1416931152344,16515.818359375,33031.63671875,66.97390747070312,66.97394561767578,1915.8577880859375,3831.611572265625,1915.844970703125,3831.5859375,288.46234130859375,59.024723052978516,-1.910346554723219e-06,0.0,0.0,2582.677978515625,1290.1259765625,0.0,34.8572998046875,2906.63720703125,11.836812973022461,11.836857795715332,971.0772094726562,1942.0587158203125,49.99989700317383,49.9998893737793,100.0,0.0,0.0,344.9919738769531,0.0,7.924896240234375,17.18410873413086,17.18499183654785,0.0,1.034000039100647,0.9067617654800415,50.0,0.09999999403953552,2.2907917499542236,0.0,0.0,0.0,0.0,0.1928102480773201,0.0,0.0,-0.0,0.002991035580635071,-0.0029914705082774162,0.0,-4.3481122702360153e-07,100.40201568603516,100.4019775390625,790.7993774414062,790.7993774414062,790.7993774414062,550.3868408203125,0.0,0.0,34.8572998046875,0.0010999999940395355,0.02200000174343586,0.03299999609589577,78.25286865234375,5655.8173828125,114276.53125,0.02126905508339405,0.0,3.1392715754918754e-05,6922.6396484375,0.0,0.231320321559906,0.0191325880587101,0.0,0.0,34.8390007019043,0.0,0.0,1600.0,0.0,50.0,0.0,0.0,0.0,50.0,50.0,200.0,1.0,1.0,1.0000001192092896,0.0
5200.0,155.49932861328125,309.9742736816406,327.807861328125,327.8069763183594,292.1408386230469,292.1416931152344,16515.818359375,33031.63671875,66.97390747070312,66.97394561767578,1915.8577880859375,3831.611572265625,1915.844970703125,3831.5859375,288.46234130859375,59.024723052978516,-1.910346554723219e-06,0.0,0.0,2582.677978515625,1290.1259765625,0.0,34.8572998046875,2906.63720703125,11.836812973022461,11.836857795715332,971.0772094726562,1942.0587158203125,49.99989700317383,49.9998893737793,100.0,0.0,0.0,344.9919738769531,0.0,7.924896240234375,17.18410873413086,17.18499183654785,0.0,1.034000039100647,0.9067617654800415,50.0,0.09999999403953552,2.2907917499542236,0.0,0.0,0.0,0.0,0.1928102480773201,0.0,0.0,-0.0,0.002991035580635071,-0.0029914705082774162,0.0,-4.3481122702360153e-07,100.40201568603516,100.4019775390625,790.7993774414062,790.7993774414062,790.7993774414062,550.3868408203125,0.0,0.0,34.8572998046875,0.0010999999940395355,0.02200000174343586,0.03299999609589577,78.25286865234375,5655.8173828125,114276.53125,0.02126905508339405,0.0,3.1392715754918754e-05,6935.9794921875,0.0,0.231320321559906,0.0191325880587101,0.0,0.0,34.8390007019043,0.0,0.0,1600.0,0.0,50.0,0.0,0.0,0.0,50.0,50.0,200.0,1.0,1.0,1.0000001192092896,0.0
5210.0,155.49932861328125,309.9742736816406,327.807861328125,327.8069763183594,292.1408386230469,292.1416931152344,16515.818359375,33031.63671875,66.97390747070312,66.97394561767578,1915.8577880859375,3831.611572265625,1915.844970703125,3831.5859375,288.46234130859375,59.024723052978516,-1.910346554723219e-06,0.0,0.0,2582.677978515625,1290.1259765625,0.0,34.8572998046875,2906.63720703125,11.836812973022461,11.836857795715332,971.0772094726562,1942.0587158203125,49.99989700317383,49.9998893737793,100.0,0.0,0.0,344.9919738769531,0.0,7.924896240234375,17.18410873413086,17.18499183654785,0.0,1.034000039100647,0.9067617654800415,50.0,0.09999999403953552,2.2907917499542236,0.0,0.0,0.0,0.0,0.1928102480773201,0.0,0.0,-0.0,0.002991035580635071,-0.0029914705082774162,0.0,-4.3481122702360153e-07,100.40201568603516,100.4019775390625,790.7993774414062,790.7993774414062,790.7993774414062,550.3868408203125,0.0,0.0,34.8572998046875,0.0010999999940395355,0.02200000174343586,0.03299999609589577,78.25286865234375,5655.8173828125,114276.53125,0.02126905508339405,0.0,3.1392715754918754e-05,6949.3193359375,0.0,0.231320321559906,0.0191325880587101,0.0,0.0,34.8390007019043,0.0,0.0,1600.0,0.0,50.0,0.0,0.0,0.0,50.0,50.0,200.0,1.0,1.0,1.0000001192092896,0.0
5220.0,155.49932861328125,309.9742736816406,327.807861328125,327.8069763183594,292.1408386230469,292.1416931152344,16515.818359375,33031.63671875,66.97390747070312,66.97394561767578,1915.8577880859375,3831.611572265625,1915.844970703125,3831.5859375,288.46234130859375,59.024723052978516,-1.910346554723219e-06,0.0,0.0,2582.677978515625,1290.1259765625,0.0,34.8572998046875,2906.63720703125,11.836812973022461,11.836857795715332,971.0772094726562,1942.0587158203125,49.99989700317383,49.9998893737793,100.0,0.0,0.0,344.9919738769531,0.0,7.924896240234375,17.18410873413086,17.18499183654785,0.0,1.034000039100647,0.9067617654800415,50.0,0.09999999403953552,2.2907917499542236,0.0,0.0,0.0,0.0,0.1928102480773201,0.0,0.0,-0.0,0.002991035580635071,-0.0029914705082774162,0.0,-4.3481122702360153e-07,100.40201568603516,100.4019775390625,790.7993774414062,790.7993774414062,790.7993774414062,550.3868408203125,0.0,0.0,34.8572998046875,0.0010999999940395355,0.02200000174343586,0.03299999609589577,78.25286865234375,5655.8173828125,114276.53125,0.02126905508339405,0.0,3.1392715754918754e-05,6962.6591796875,0.0,0.231320321559906,0.0191325880587101,0.0,0.0,34.8390007019043,0.0,0.0,1600.0,0.0,50.0,0.0,0.0,0.0,50.0,50.0,200.0,1.0,1.0,1.0000001192092896,0.0
5230.0,155.49932861328125,309.9742736816406,327.807861328125,327.8069763183594,292.1408386230469,292.1416931152344,16515.818359375,33031.63671875,66.97390747070312,66.97394561767578,1915.8577880859375,3831.611572265625,1915.844970703125,3831.5859375,288.46234130859375,59.024723052978516,-1.910346554723219e-06,0.0,0.0,2582.677978515625,1290.1259765625,0.0,34.8572998046875,2906.63720703125,11.836812973022461,11.836857795715332,971.0772094726562,1942.0587158203125,49.99989700317383,49.9998893737793,100.0,0.0,0.0,344.9919738769531,0.0,7.924896240234375,17.18410873413086,17.18499183654785,0.0,1.034000039100647,0.9067617654800415,50.0,0.09999999403953552,2.2907917499542236,0.0,0.0,0.0,0.0,0.1928102480773201,0.0,0.0,-0.0,0.002991035580635071,-0.0029914705082774162,0.0,-4.3481122702360153e-07,100.40201568603516,100.4019775390625,790.7993774414062,790.7993774414062,790.7993774414062,550.3868408203125,0.0,0.0,34.8572998046875,0.0010999999940395355,0.02200000174343586,0.03299999609589577,78.25286865234375,5655.8173828125,114276.53125,0.02126905508339405,0.0,3.1392715754918754e-05,6975.9990234375,0.0,0.231320321559906,0.0191325880587101,0.0,0.0,34.8390007019043,0.0,0.0,1600.0,0.0,50.0,0.0,0.0,0.0,50.0,50.0,200.0,1.0,1.0,1.0000001192092896,0.0
5240.0,155.49932861328125,309.9742736816406,327.807861328125,327.8069763183594,292.1408386230469,292.1416931152344,16515.818359375,33031.63671875,66.97390747070312,66.97394561767578,1915.8577880859375,3831.611572265625,1915.844970703125,3831.5859375,288.46234130859375,59.024723052978516,-1.910346554723219e-06,0.0,0.0,2582.677978515625,1290.1259765625,0.0,34.8572998046875,2906.63720703125,11.836812973022461,11.836857795715332,971.0772094726562,1942.0587158203125,49.99989700317383,49.9998893737793,100.0,0.0,0.0,344.9919738769531,0.0,7.924896240234375,17.18410873413086,17.18499183654785,0.0,1.034000039100647,0.9067617654800415,50.0,0.09999999403953552,2.2907917499542236,0.0,0.0,0.0,0.0,0.1928102480773201,0.0,0.0,-0.0,0.002991035580635071,-0.0029914705082774162,0.0,-4.3481122702360153e-07,100.40201568603516,100.4019775390625,790.7993774414062,790.7993774414062,790.7993774414062,550.3868408203125,0.0,0.0,34.8572998046875,0.0010999999940395355,0.02200000174343586,0.03299999609589577,78.25286865234375,5655.8173828125,114276.53125,0.02126905508339405,0.0,3.1392715754918754e-05,6989.3388671875,0.0,0.231320321559906,0.0191325880587101,0.0,0.0,34.8390007019043,0.0,0.0,1600.0,0.0,50.0,0.0,0.0,0.0,50.0,50.0,200.0,1.0,1.0,1.0000001192092896,0.0
5250.0,155.49932861328125,309.9742736816406,327.807861328125,327.8069763183594,292.1408386230469,292.1416931152344,16515.818359375,33031.63671875,66.97390747070312,66.97394561767578,1915.8577880859375,3831.611572265625,1915.844970703125,3831.5859375,288.46234130859375,59.024723052978516,-1.910346554723219e-06,0.0,0.0,2582.677978515625,1290.1259765625,0.0,34.8572998046875,2906.63720703125,11.836812973022461,11.836857795715332,971.0772094726562,1942.0587158203125,49.99989700317383,49.9998893737793,100.0,0.0,0.0,344.9919738769531,0.0,7.924896240234375,17.18410873413086,17.18499183654785,0.0,1.034000039100647,0.9067617654800415,50.0,0.09999999403953552,2.2907917499542236,0.0,0.0,0.0,0.0,0.1928102480773201,0.0,0.0,-0.0,0.002991035580635071,-0.0029914705082774162,0.0,-4.3481122702360153e-07,100.40201568603516,100.4019775390625,790.7993774414062,790.7993774414062,790.7993774414062,550.3868408203125,0.0,0.0,34.8572998046875,0.0010999999940395355,0.02200000174343586,0.03299999609589577,78.25286865234375,5655.8173828125,114276.53125,0.02126905508339405,0.0,3.1392715754918754e-05,7002.6787109375,0.0,0.231320321559906,0.0191325880587101,0.0,0.0,34.8390007019043,0.0,0.0,1600.0,0.0,50.0,0.0,0.0,0.0,50.0,50.0,200.0,1.0,1.0,1.0000001192092896,0.0
5260.0,155.49932861328125,309.9742736816406,327.807861328125,327.8069763183594,292.1408386230469,292.1416931152344,16515.818359375,33031.63671875,66.97390747070312,66.97394561767578,1915.8577880859375,3831.611572265625,1915.844970703125,3831.5859375,288.46234130859375,59.024723052978516,-1.910346554723219e-06,0.0,0.0,2582.677978515625,1290.1259765625,0.0,34.8572998046875,2906.63720703125,11.836812973022461,11.836857795715332,971.0772094726562,1942.0587158203125,49.99989700317383,49.9998893737793,100.0,0.0,0.0,344.9919738769531,0.0,7.924896240234375,17.18410873413086,17.18499183654785,0.0,1.034000039100647,0.9067617654800415,50.0,0.09999999403953552,2.2907917499542236,0.0,0.0,0.0,0.0,0.1928102480773201,0.0,0.0,-0.0,0.002991035580635071,-0.0029914705082774162,0.0,-4.3481122702360153e-07,100.40201568603516,100.4019775390625,790.7993774414062,790.7993774414062,790.7993774414062,550.3868408203125,0.0,0.0,34.8572998046875,0.0010999999940395355,0.02200000174343586,0.03299999609589577,78.25286865234375,5655.8173828125,114276.53125,0.02126905508339405,0.0,3.1392715754918754e-05,7016.0185546875,0.0,0.231320321559906,0.0191325880587101,0.0,0.0,34.8390007019043,0.0,0.0,1600.0,0.0,50.0,0.0,0.0,0.0,50.0,50.0,200.0,1.0,1.0,1.0000001192092896,0.0
5270.0,155.49932861328125,309.9742736816406,327.807861328125,327.8069763183594,292.1408386230469,292.1416931152344,16515.818359375,33031.63671875,66.97390747070312,66.97394561767578,1915.8577880859375,3831.611572265625,1915.844970703125,3831.5859375,288.46234130859375,59.024723052978516,-1.910346554723219e-06,0.0,0.0,2582.677978515625,1290.1259765625,0.0,34.8572998046875,2906.63720703125,11.836812973022461,11.836857795715332,971.0772094726562,1942.0587158203125,49.99989700317383,49.9998893737793,100.0,0.0,0.0,344.9919738769531,0.0,7.924896240234375,17.18410873413086,17.18499183654785,0.0,1.034000039100647,0.9067617654800415,50.0,0.09999999403953552,2.2907917499542236,0.0,0.0,0.0,0.0,0.1928102480773201,0.0,0.0,-0.0,0.002991035580635071,-0.0029914705082774162,0.0,-4.3481122702360153e-07,100.40201568603516,100.4019775390625,790.7993774414062,790.7993774414062,790.7993774414062,550.3868408203125,0.0,0.0,34.8572998046875,0.0010999999940395355,0.02200000174343586,0.03299999609589577,78.25286865234375,5655.8173828125,114276.53125,0.02126905508339405,0.0,3.1392715754918754e-05,7029.3583984375,0.0,0.231320321559906,0.0191325880587101,0.0,0.0,34.8390007019043,0.0,0.0,1600.0,0.0,50.0,0.0,0.0,0.0,50.0,50.0,200.0,1.0,1.0,1.0000001192092896,0.0
5280.0,155.49932861328125,309.9742736816406,327.807861328125,327.8069763183594,292.1408386230469,292.1416931152344,16515.818359375,33031.63671875,66.97390747070312,66.97394561767578,1915.8577880859375,3831.611572265625,1915.844970703125,3831.5859375,288.46234130859375,59.024723052978516,-1.910346554723219e-06,0.0,0.0,2582.677978515625,1290.1259765625,0.0,34.8572998046875,2906.63720703125,11.836812973022461,11.836857795715332,971.0772094726562,1942.0587158203125,49.99989700317383,49.9998893737793,100.0,0.0,0.0,344.9919738769531,0.0,7.924896240234375,17.18410873413086,17.18499183654785,0.0,1.034000039100647,0.9067617654800415,50.0,0.09999999403953552,2.2907917499542236,0.0,0.0,0.0,0.0,0.1928102480773201,0.0,0.0,-0.0,0.002991035580635071,-0.0029914705082774162,0.0,-4.3481122702360153e-07,100.40201568603516,100.4019775390625,790.7993774414062,790.7993774414062,790.7993774414062,550.3868408203125,0.0,0.0,34.8572998046875,0.0010999999940395355,0.02200000174343586,0.03299999609589577,78.25286865234375,5655.8173828125,114276.53125,0.02126905508339405,0.0,3.1392715754918754e-05,7042.6982421875,0.0,0.231320321559906,0.0191325880587101,0.0,0.0,34.8390007019043,0.0,0.0,1600.0,0.0,50.0,0.0,0.0,0.0,50.0,50.0,200.0,1.0,1.0,1.0000001192092896,0.0
5290.0,155.49932861328125,309.9742736816406,327.807861328125,327.8069763183594,292.1408386230469,292.1416931152344,16515.818359375,33031.63671875,66.97390747070312,66.97394561767578,1915.8577880859375,3831.611572265625,1915.844970703125,3831.5859375,288.46234130859375,59.024723052978516,-1.910346554723219e-06,0.0,0.0,2582.677978515625,1290.1259765625,0.0,34.8572998046875,2906.63720703125,11.836812973022461,11.836857795715332,971.0772094726562,1942.0587158203125,49.99989700317383,49.9998893737793,100.0,0.0,0.0,344.9919738769531,0.0,7.924896240234375,17.18410873413086,17.18499183654785,0.0,1.034000039100647,0.9067617654800415,50.0,0.09999999403953552,2.2907917499542236,0.0,0.0,0.0,0.0,0.1928102480773201,0.0,0.0,-0.0,0.002991035580635071,-0.0029914705082774162,0.0,-4.3481122702360153e-07,100.40201568603516,100.4019775390625,790.7993774414062,790.7993774414062,790.7993774414062,550.3868408203125,0.0,0.0,34.8572998046875,0.0010999999940395355,0.02200000174343586,0.03299999609589577,78.25286865234375,5655.8173828125,114276.53125,0.02126905508339405,0.0,3.1392715754918754e-05,7056.0380859375,0.0,0.231320321559906,0.0191325880587101,0.0,0.0,34.8390007019043,0.0,0.0,1600.0,0.0,50.0,0.0,0.0,0.0,50.0,50.0,200.0,1.0,1.0,1.0000001192092896,0.0
5300.0,155.49932861328125,309.9742736816406,327.807861328125,327.8069763183594,292.1408386230469,292.1416931152344,16515.818359375,33031.63671875,66.97390747070312,66.97394561767578,1915.8577880859375,3831.611572265625,1915.844970703125,3831.5859375,288.46234130859375,59.024723052978516,-1.910346554723219e-06,0.0,0.0,2582.677978515625,1290.1259765625,0.0,34.8572998046875,2906.63720703125,11.836812973022461,11.836857795715332,971.0772094726562,1942.0587158203125,49.99989700317383,49.9998893737793,100.0,0.0,0.0,344.9919738769531,0.0,7.924896240234375,17.18410873413086,17.18499183654785,0.0,1.034000039100647,0.9067617654800415,50.0,0.09999999403953552,2.2907917499542236,0.0,0.0,0.0,0.0,0.1928102480773201,0.0,0.0,-0.0,0.002991035580635071,-0.0029914705082774162,0.0,-4.3481122702360153e-07,100.40201568603516,100.4019775390625,790.7993774414062,790.7993774414062,790.7993774414062,550.3868408203125,0.0,0.0,34.8572998046875,0.0010999999940395355,0.02200000174343586,0.03299999609589577,78.25286865234375,5655.8173828125,114276.53125,0.02126905508339405,0.0,3.1392715754918754e-05,7069.3779296875,0.0,0.231320321559906,0.0191325880587101,0.0,0.0,34.8390007019043,0.0,0.0,1600.0,0.0,50.0,0.0,0.0,0.0,50.0,50.0,200.0,1.0,1.0,1.0000001192092896,0.0
5310.0,155.49932861328125,309.9742736816406,327.807861328125,327.8069763183594,292.1408386230469,292.1416931152344,16515.818359375,33031.63671875,66.97390747070312,66.97394561767578,1915.8577880859375,3831.611572265625,1915.844970703125,3831.5859375,288.46234130859375,59.024723052978516,-1.910346554723219e-06,0.0,0.0,2582.677978515625,1290.1259765625,0.0,34.8572998046875,2906.63720703125,11.836812973022461,11.836857795715332,971.0772094726562,1942.0587158203125,49.99989700317383,49.9998893737793,100.0,0.0,0.0,344.9919738769531,0.0,7.924896240234375,17.18410873413086,17.18499183654785,0.0,1.034000039100647,0.9067617654800415,50.0,0.09999999403953552,2.2907917499542236,0.0,0.0,0.0,0.0,0.1928102480773201,0.0,0.0,-0.0,0.002991035580635071,-0.0029914705082774162,0.0,-4.3481122702360153e-07,100.40201568603516,100.4019775390625,790.7993774414062,790.7993774414062,790.7993774414062,550.3868408203125,0.0,0.0,34.8572998046875,0.0010999999940395355,0.02200000174343586,0.03299999609589577,78.25286865234375,5655.8173828125,114276.53125,0.02126905508339405,0.0,3.1392715754918754e-05,7082.7177734375,0.0,0.231320321559906,0.0191325880587101,0.0,0.0,34.8390007019043,0.0,0.0,1600.0,0.0,50.0,0.0,0.0,0.0,50.0,50.0,200.0,1.0,1.0,1.0000001192092896,0.0
5320.0,155.49932861328125,309.9742736816406,327.807861328125,327.8069763183594,292.1408386230469,292.1416931152344,16515.818359375,33031.63671875,66.97390747070312,66.97394561767578,1915.8577880859375,3831.611572265625,1915.844970703125,3831.5859375,288.46234130859375,59.024723052978516,-1.910346554723219e-06,0.0,0.0,2582.677978515625,1290.1259765625,0.0,34.8572998046875,2906.63720703125,11.836812973022461,11.836857795715332,971.0772094726562,1942.0587158203125,49.99989700317383,49.9998893737793,100.0,0.0,0.0,344.9919738769531,0.0,7.924896240234375,17.18410873413086,17.18499183654785,0.0,1.034000039100647,0.9067617654800415,50.0,0.09999999403953552,2.2907917499542236,0.0,0.0,0.0,0.0,0.1928102480773201,0.0,0.0,-0.0,0.002991035580635071,-0.0029914705082774162,0.0,-4.3481122702360153e-07,100.40201568603516,100.4019775390625,790.7993774414062,790.7993774414062,790.7993774414062,550.3868408203125,0.0,0.0,34.8572998046875,0.0010999999940395355,0.02200000174343586,0.03299999609589577,78.25286865234375,5655.8173828125,114276.53125,0.02126905508339405,0.0,3.1392715754918754e-05,7096.0576171875,0.0,0.231320321559906,0.0191325880587101,0.0,0.0,34.8390007019043,0.0,0.0,1600.0,0.0,50.0,0.0,0.0,0.0,50.0,50.0,200.0,1.0,1.0,1.0000001192092896,0.0
5330.0,155.49932861328125,309.9742736816406,327.807861328125,327.8069763183594,292.1408386230469,292.1416931152344,16515.818359375,33031.63671875,66.97390747070312,66.97394561767578,1915.8577880859375,3831.611572265625,1915.844970703125,3831.5859375,288.46234130859375,59.024723052978516,-1.910346554723219e-06,0.0,0.0,2582.677978515625,1290.1259765625,0.0,34.8572998046875,2906.63720703125,11.836812973022461,11.836857795715332,971.0772094726562,1942.0587158203125,49.99989700317383,49.9998893737793,100.0,0.0,0.0,344.9919738769531,0.0,7.924896240234375,17.18410873413086,17.18499183654785,0.0,1.034000039100647,0.9067617654800415,50.0,0.09999999403953552,2.2907917499542236,0.0,0.0,0.0,0.0,0.1928102480773201,0.0,0.0,-0.0,0.002991035580635071,-0.0029914705082774162,0.0,-4.3481122702360153e-07,100.40201568603516,100.4019775390625,790.7993774414062,790.7993774414062,790.7993774414062,550.3868408203125,0.0,0.0,34.8572998046875,0.0010999999940395355,0.02200000174343586,0.03299999609589577,78.25286865234375,5655.8173828125,114276.53125,0.02126905508339405,0.0,3.1392715754918754e-05,7109.3974609375,0.0,0.231320321559906,0.0191325880587101,0.0,0.0,34.8390007019043,0.0,0.0,1600.0,0.0,50.0,0.0,0.0,0.0,50.0,50.0,200.0,1.0,1.0,1.0000001192092896,0.0
5340.0,155.49932861328125,309.9742736816406,327.807861328125,327.8069763183594,292.1408386230469,292.1416931152344,16515.818359375,33031.63671875,66.97390747070312,66.97394561767578,1915.8577880859375,3831.611572265625,1915.844970703125,3831.5859375,288.46234130859375,59.024723052978516,-1.910346554723219e-06,0.0,0.0,2582.677978515625,1290.1259765625,0.0,34.8572998046875,2906.63720703125,11.836812973022461,11.836857795715332,971.0772094726562,1942.0587158203125,49.99989700317383,49.9998893737793,100.0,0.0,0.0,344.9919738769531,0.0,7.924896240234375,17.18410873413086,17.18499183654785,0.0,1.034000039100647,0.9067617654800415,50.0,0.09999999403953552,2.2907917499542236,0.0,0.0,0.0,0.0,0.1928102480773201,0.0,0.0,-0.0,0.002991035580635071,-0.0029914705082774162,0.0,-4.3481122702360153e-07,100.40201568603516,100.4019775390625,790.7993774414062,790.7993774414062,790.7993774414062,550.3868408203125,0.0,0.0,34.8572998046875,0.0010999999940395355,0.02200000174343586,0.03299999609589577,78.25286865234375,5655.8173828125,114276.53125,0.02126905508339405,0.0,3.1392715754918754e-05,7122.7373046875,0.0,0.231320321559906,0.0191325880587101,0.0,0.0,34.8390007019043,0.0,0.0,1600.0,0.0,50.0,0.0,0.0,0.0,50.0,50.0,200.0,1.0,1.0,1.0000001192092896,0.0
5350.0,155.49932861328125,309.9742736816406,327.807861328125,327.8069763183594,292.1408386230469,292.1416931152344,16515.818359375,33031.63671875,66.97390747070312,66.97394561767578,1915.8577880859375,3831.611572265625,1915.844970703125,3831.5859375,288.46234130859375,59.024723052978516,-1.910346554723219e-06,0.0,0.0,2582.677978515625,1290.1259765625,0.0,34.8572998046875,2906.63720703125,11.836812973022461,11.836857795715332,971.0772094726562,1942.0587158203125,49.99989700317383,49.9998893737793,100.0,0.0,0.0,344.9919738769531,0.0,7.924896240234375,17.18410873413086,17.18499183654785,0.0,1.034000039100647,0.9067617654800415,50.0,0.09999999403953552,2.2907917499542236,0.0,0.0,0.0,0.0,0.1928102480773201,0.0,0.0,-0.0,0.002991035580635071,-0.0029914705082774162,0.0,-4.3481122702360153e-07,100.40201568603516,100.4019775390625,790.7993774414062,790.7993774414062,790.7993774414062,550.3868408203125,0.0,0.0,34.8572998046875,0.0010999999940395355,0.02200000174343586,0.03299999609589577,78.25286865234375,5655.8173828125,114276.53125,0.02126905508339405,0.0,3.1392715754918754e-05,7136.0771484375,0.0,0.231320321559906,0.0191325880587101,0.0,0.0,34.8390007019043,0.0,0.0,1600.0,0.0,50.0,0.0,0.0,0.0,50.0,50.0,200.0,1.0,1.0,1.0000001192092896,0.0
5360.0,155.49932861328125,309.9742736816406,327.807861328125,327.8069763183594,292.1408386230469,292.1416931152344,16515.818359375,33031.63671875,66.97390747070312,66.97394561767578,1915.8577880859375,3831.611572265625,1915.844970703125,3831.5859375,288.46234130859375,59.024723052978516,-1.910346554723219e-06,0.0,0.0,2582.677978515625,1290.1259765625,0.0,34.8572998046875,2906.63720703125,11.836812973022461,11.836857795715332,971.0772094726562,1942.0587158203125,49.99989700317383,49.9998893737793,100.0,0.0,0.0,344.9919738769531,0.0,7.924896240234375,17.18410873413086,17.18499183654785,0.0,1.034000039100647,0.9067617654800415,50.0,0.09999999403953552,2.2907917499542236,0.0,0.0,0.0,0.0,0.1928102480773201,0.0,0.0,-0.0,0.002991035580635071,-0.0029914705082774162,0.0,-4.3481122702360153e-07,100.40201568603516,100.4019775390625,790.7993774414062,790.7993774414062,790.7993774414062,550.3868408203125,0.0,0.0,34.8572998046875,0.0010999999940395355,0.02200000174343586,0.03299999609589577,78.25286865234375,5655.8173828125,114276.53125,0.02126905508339405,0.0,3.1392715754918754e-05,7149.4169921875,0.0,0.231320321559906,0.0191325880587101,0.0,0.0,34.8390007019043,0.0,0.0,1600.0,0.0,50.0,0.0,0.0,0.0,50.0,50.0,200.0,1.0,1.0,1.0000001192092896,0.0
5370.0,155.49932861328125,309.9742736816406,327.807861328125,327.8069763183594,292.1408386230469,292.1416931152344,16515.818359375,33031.63671875,66.97390747070312,66.97394561767578,1915.8577880859375,3831.611572265625,1915.844970703125,3831.5859375,288.46234130859375,59.024723052978516,-1.910346554723219e-06,0.0,0.0,2582.677978515625,1290.1259765625,0.0,34.8572998046875,2906.63720703125,11.836812973022461,11.836857795715332,971.0772094726562,1942.0587158203125,49.99989700317383,49.9998893737793,100.0,0.0,0.0,344.9919738769531,0.0,7.924896240234375,17.18410873413086,17.18499183654785,0.0,1.034000039100647,0.9067617654800415,50.0,0.09999999403953552,2.2907917499542236,0.0,0.0,0.0,0.0,0.1928102480773201,0.0,0.0,-0.0,0.002991035580635071,-0.0029914705082774162,0.0,-4.3481122702360153e-07,100.40201568603516,100.4019775390625,790.7993774414062,790.7993774414062,790.7993774414062,550.3868408203125,0.0,0.0,34.8572998046875,0.0010999999940395355,0.02200000174343586,0.03299999609589577,78.25286865234375,5655.8173828125,114276.53125,0.02126905508339405,0.0,3.1392715754918754e-05,7162.7568359375,0.0,0.231320321559906,0.0191325880587101,0.0,0.0,34.8390007019043,0.0,0.0,1600.0,0.0,50.0,0.0,0.0,0.0,50.0,50.0,200.0,1.0,1.0,1.0000001192092896,0.0
5380.0,155.49932861328125,309.9742736816406,327.807861328125,327.8069763183594,292.1408386230469,292.1416931152344,16515.818359375,33031.63671875,66.97390747070312,66.97394561767578,1915.8577880859375,3831.611572265625,1915.844970703125,3831.5859375,288.46234130859375,59.024723052978516,-1.910346554723219e-06,0.0,0.0,2582.677978515625,1290.1259765625,0.0,34.8572998046875,2906.63720703125,11.836812973022461,11.836857795715332,971.0772094726562,1942.0587158203125,49.99989700317383,49.9998893737793,100.0,0.0,0.0,344.9919738769531,0.0,7.924896240234375,17.18410873413086,17.18499183654785,0.0,1.034000039100647,0.9067617654800415,50.0,0.09999999403953552,2.2907917499542236,0.0,0.0,0.0,0.0,0.1928102480773201,0.0,0.0,-0.0,0.002991035580635071,-0.0029914705082774162,0.0,-4.3481122702360153e-07,100.40201568603516,100.4019775390625,790.7993774414062,790.7993774414062,790.7993774414062,550.3868408203125,0.0,0.0,34.8572998046875,0.0010999999940395355,0.02200000174343586,0.03299999609589577,78.25286865234375,5655.8173828125,114276.53125,0.02126905508339405,0.0,3.1392715754918754e-05,7176.0966796875,0.0,0.231320321559906,0.0191325880587101,0.0,0.0,34.8390007019043,0.0,0.0,1600.0,0.0,50.0,0.0,0.0,0.0,50.0,50.0,200.0,1.0,1.0,1.0000001192092896,0.0
5390.0,155.49932861328125,309.9742736816406,327.807861328125,327.8069763183594,292.1408386230469,292.1416931152344,16515.818359375,33031.63671875,66.97390747070312,66.97394561767578,1915.8577880859375,3831.611572265625,1915.844970703125,3831.5859375,288.46234130859375,59.024723052978516,-1.910346554723219e-06,0.0,0.0,2582.677978515625,1290.1259765625,0.0,34.8572998046875,2906.63720703125,11.836812973022461,11.836857795715332,971.0772094726562,1942.0587158203125,49.99989700317383,49.9998893737793,100.0,0.0,0.0,344.9919738769531,0.0,7.924896240234375,17.18410873413086,17.18499183654785,0.0,1.034000039100647,0.9067617654800415,50.0,0.09999999403953552,2.2907917499542236,0.0,0.0,0.0,0.0,0.1928102480773201,0.0,0.0,-0.0,0.002991035580635071,-0.0029914705082774162,0.0,-4.3481122702360153e-07,100.40201568603516,100.4019775390625,790.7993774414062,790.7993774414062,790.7993774414062,550.3868408203125,0.0,0.0,34.8572998046875,0.0010999999940395355,0.02200000174343586,0.03299999609589577,78.25286865234375,5655.8173828125,114276.53125,0.02126905508339405,0.0,3.1392715754918754e-05,7189.4365234375,0.0,0.231320321559906,0.0191325880587101,0.0,0.0,34.8390007019043,0.0,0.0,1600.0,0.0,50.0,0.0,0.0,0.0,50.0,50.0,200.0,1.0,1.0,1.0000001192092896,0.0
5400.0,155.49932861328125,309.9742736816406,327.807861328125,327.8069763183594,292.1408386230469,292.1416931152344,16515.818359375,33031.63671875,66.97390747070312,66.97394561767578,1915.8577880859375,3831.611572265625,1915.844970703125,3831.5859375,288.46234130859375,59.024723052978516,-1.910346554723219e-06,0.0,0.0,2582.677978515625,1290.1259765625,0.0,34.8572998046875,2906.63720703125,11.836812973022461,11.836857795715332,971.0772094726562,1942.0587158203125,49.99989700317383,49.9998893737793,100.0,0.0,0.0,344.9919738769531,0.0,7.924896240234375,17.18410873413086,17.18499183654785,0.0,1.034000039100647,0.9067617654800415,50.0,0.09999999403953552,2.2907917499542236,0.0,0.0,0.0,0.0,0.1928102480773201,0.0,0.0,-0.0,0.002991035580635071,-0.0029914705082774162,0.0,-4.3481122702360153e-07,100.40201568603516,100.4019775390625,790.7993774414062,790.7993774414062,790.7993774414062,550.3868408203125,0.0,0.0,34.8572998046875,0.0010999999940395355,0.02200000174343586,0.03299999609589577,78.25286865234375,5655.8173828125,114276.53125,0.02126905508339405,0.0,3.1392715754918754e-05,7202.7763671875,0.0,0.231320321559906,0.0191325880587101,0.0,0.0,34.8390007019043,0.0,0.0,1600.0,0.0,50.0,0.0,0.0,0.0,50.0,50.0,200.0,1.0,1.0,1.0000001192092896,0.0
5410.0,155.49932861328125,309.9742736816406,327.807861328125,327.8069763183594,292.1408386230469,292.1416931152344,16515.818359375,33031.63671875,66.97390747070312,66.97394561767578,1915.8577880859375,3831.611572265625,1915.844970703125,3831.5859375,288.46234130859375,59.024723052978516,-1.910346554723219e-06,0.0,0.0,2582.677978515625,1290.1259765625,0.0,34.8572998046875,2906.63720703125,11.836812973022461,11.836857795715332,971.0772094726562,1942.0587158203125,49.99989700317383,49.9998893737793,100.0,0.0,0.0,344.9919738769531,0.0,7.924896240234375,17.18410873413086,17.18499183654785,0.0,1.034000039100647,0.9067617654800415,50.0,0.09999999403953552,2.2907917499542236,0.0,0.0,0.0,0.0,0.1928102480773201,0.0,0.0,-0.0,0.002991035580635071,-0.0029914705082774162,0.0,-4.3481122702360153e-07,100.40201568603516,100.4019775390625,790.7993774414062,790.7993774414062,790.7993774414062,550.3868408203125,0.0,0.0,34.8572998046875,0.0010999999940395355,0.02200000174343586,0.03299999609589577,78.25286865234375,5655.8173828125,114276.53125,0.02126905508339405,0.0,3.1392715754918754e-05,7216.1162109375,0.0,0.231320321559906,0.0191325880587101,0.0,0.0,34.8390007019043,0.0,0.0,1600.0,0.0,50.0,0.0,0.0,0.0,50.0,50.0,200.0,1.0,1.0,1.0000001192092896,0.0
5420.0,155.49932861328125,309.9742736816406,327.807861328125,327.8069763183594,292.1408386230469,292.1416931152344,16515.818359375,33031.63671875,66.97390747070312,66.97394561767578,1915.8577880859375,3831.611572265625,1915.844970703125,3831.5859375,288.46234130859375,59.024723052978516,-1.910346554723219e-06,0.0,0.0,2582.677978515625,1290.1259765625,0.0,34.8572998046875,2906.63720703125,11.836812973022461,11.836857795715332,971.0772094726562,1942.0587158203125,49.99989700317383,49.9998893737793,100.0,0.0,0.0,344.9919738769531,0.0,7.924896240234375,17.18410873413086,17.18499183654785,0.0,1.034000039100647,0.9067617654800415,50.0,0.09999999403953552,2.2907917499542236,0.0,0.0,0.0,0.0,0.1928102480773201,0.0,0.0,-0.0,0.002991035580635071,-0.0029914705082774162,0.0,-4.3481122702360153e-07,100.40201568603516,100.4019775390625,790.7993774414062,790.7993774414062,790.7993774414062,550.3868408203125,0.0,0.0,34.8572998046875,0.0010999999940395355,0.02200000174343586,0.03299999609589577,78.25286865234375,5655.8173828125,114276.53125,0.02126905508339405,0.0,3.1392715754918754e-05,7229.4560546875,0.0,0.231320321559906,0.0191325880587101,0.0,0.0,34.8390007019043,0.0,0.0,1600.0,0.0,50.0,0.0,0.0,0.0,50.0,50.0,200.0,1.0,1.0,1.0000001192092896,0.0
5430.0,155.49932861328125,309.9742736816406,327.807861328125,327.8069763183594,292.1408386230469,292.1416931152344,16515.818359375,33031.63671875,66.97390747070312,66.97394561767578,1915.8577880859375,3831.611572265625,1915.844970703125,3831.5859375,288.46234130859375,59.024723052978516,-1.910346554723219e-06,0.0,0.0,2582.677978515625,1290.1259765625,0.0,34.8572998046875,2906.63720703125,11.836812973022461,11.836857795715332,971.0772094726562,1942.0587158203125,49.99989700317383,49.9998893737793,100.0,0.0,0.0,344.9919738769531,0.0,7.924896240234375,17.18410873413086,17.18499183654785,0.0,1.034000039100647,0.9067617654800415,50.0,0.09999999403953552,2.2907917499542236,0.0,0.0,0.0,0.0,0.1928102480773201,0.0,0.0,-0.0,0.002991035580635071,-0.0029914705082774162,0.0,-4.3481122702360153e-07,100.40201568603516,100.4019775390625,790.7993774414062,790.7993774414062,790.7993774414062,550.3868408203125,0.0,0.0,34.8572998046875,0.0010999999940395355,0.02200000174343586,0.03299999609589577,78.25286865234375,5655.8173828125,114276.53125,0.02126905508339405,0.0,3.1392715754918754e-05,7242.7958984375,0.0,0.231320321559906,0.0191325880587101,0.0,0.0,34.8390007019043,0.0,0.0,1600.0,0.0,50.0,0.0,0.0,0.0,50.0,50.0,200.0,1.0,1.0,1.0000001192092896,0.0
5440.0,155.49932861328125,309.9742736816406,327.807861328125,327.8069763183594,292.1408386230469,292.1416931152344,16515.818359375,33031.63671875,66.97390747070312,66.97394561767578,1915.8577880859375,3831.611572265625,1915.844970703125,3831.5859375,288.46234130859375,59.024723052978516,-1.910346554723219e-06,0.0,0.0,2582.677978515625,1290.1259765625,0.0,34.8572998046875,2906.63720703125,11.836812973022461,11.836857795715332,971.0772094726562,1942.0587158203125,49.99989700317383,49.9998893737793,100.0,0.0,0.0,344.9919738769531,0.0,7.924896240234375,17.18410873413086,17.18499183654785,0.0,1.034000039100647,0.9067617654800415,50.0,0.09999999403953552,2.2907917499542236,0.0,0.0,0.0,0.0,0.1928102480773201,0.0,0.0,-0.0,0.002991035580635071,-0.0029914705082774162,0.0,-4.3481122702360153e-07,100.40201568603516,100.4019775390625,790.7993774414062,790.7993774414062,790.7993774414062,550.3868408203125,0.0,0.0,34.8572998046875,0.0010999999940395355,0.02200000174343586,0.03299999609589577,78.25286865234375,5655.8173828125,114276.53125,0.02126905508339405,0.0,3.1392715754918754e-05,7256.1357421875,0.0,0.231320321559906,0.0191325880587101,0.0,0.0,34.8390007019043,0.0,0.0,1600.0,0.0,50.0,0.0,0.0,0.0,50.0,50.0,200.0,1.0,1.0,1.0000001192092896,0.0
5450.0,155.49932861328125,309.9742736816406,327.807861328125,327.8069763183594,292.1408386230469,292.1416931152344,16515.818359375,33031.63671875,66.97390747070312,66.97394561767578,1915.8577880859375,3831.611572265625,1915.844970703125,3831.5859375,288.46234130859375,59.024723052978516,-1.910346554723219e-06,0.0,0.0,2582.677978515625,1290.1259765625,0.0,34.8572998046875,2906.63720703125,11.836812973022461,11.836857795715332,971.0772094726562,1942.0587158203125,49.99989700317383,49.9998893737793,100.0,0.0,0.0,344.9919738769531,0.0,7.924896240234375,17.18410873413086,17.18499183654785,0.0,1.034000039100647,0.9067617654800415,50.0,0.09999999403953552,2.2907917499542236,0.0,0.0,0.0,0.0,0.1928102480773201,0.0,0.0,-0.0,0.002991035580635071,-0.0029914705082774162,0.0,-4.3481122702360153e-07,100.40201568603516,100.4019775390625,790.7993774414062,790.7993774414062,790.7993774414062,550.3868408203125,0.0,0.0,34.8572998046875,0.0010999999940395355,0.02200000174343586,0.03299999609589577,78.25286865234375,5655.8173828125,114276.53125,0.02126905508339405,0.0,3.1392715754918754e-05,7269.4755859375,0.0,0.231320321559906,0.0191325880587101,0.0,0.0,34.8390007019043,0.0,0.0,1600.0,0.0,50.0,0.0,0.0,0.0,50.0,50.0,200.0,1.0,1.0,1.0000001192092896,0.0
5460.0,155.49932861328125,309.9742736816406,327.807861328125,327.8069763183594,292.1408386230469,292.1416931152344,16515.818359375,33031.63671875,66.97390747070312,66.97394561767578,1915.8577880859375,3831.611572265625,1915.844970703125,3831.5859375,288.46234130859375,59.024723052978516,-1.910346554723219e-06,0.0,0.0,2582.677978515625,1290.1259765625,0.0,34.8572998046875,2906.63720703125,11.836812973022461,11.836857795715332,971.0772094726562,1942.0587158203125,49.99989700317383,49.9998893737793,100.0,0.0,0.0,344.9919738769531,0.0,7.924896240234375,17.18410873413086,17.18499183654785,0.0,1.034000039100647,0.9067617654800415,50.0,0.09999999403953552,2.2907917499542236,0.0,0.0,0.0,0.0,0.1928102480773201,0.0,0.0,-0.0,0.002991035580635071,-0.0029914705082774162,0.0,-4.3481122702360153e-07,100.40201568603516,100.4019775390625,790.7993774414062,790.7993774414062,790.7993774414062,550.3868408203125,0.0,0.0,34.8572998046875,0.0010999999940395355,0.02200000174343586,0.03299999609589577,78.25286865234375,5655.8173828125,114276.53125,0.02126905508339405,0.0,3.1392715754918754e-05,7282.8154296875,0.0,0.231320321559906,0.0191325880587101,0.0,0.0,34.8390007019043,0.0,0.0,1600.0,0.0,50.0,0.0,0.0,0.0,50.0,50.0,200.0,1.0,1.0,1.0000001192092896,0.0
5470.0,155.49932861328125,309.9742736816406,327.807861328125,327.8069763183594,292.1408386230469,292.1416931152344,16515.818359375,33031.63671875,66.97390747070312,66.97394561767578,1915.8577880859375,3831.611572265625,1915.844970703125,3831.5859375,288.46234130859375,59.024723052978516,-1.910346554723219e-06,0.0,0.0,2582.677978515625,1290.1259765625,0.0,34.8572998046875,2906.63720703125,11.836812973022461,11.836857795715332,971.0772094726562,1942.0587158203125,49.99989700317383,49.9998893737793,100.0,0.0,0.0,344.9919738769531,0.0,7.924896240234375,17.18410873413086,17.18499183654785,0.0,1.034000039100647,0.9067617654800415,50.0,0.09999999403953552,2.2907917499542236,0.0,0.0,0.0,0.0,0.1928102480773201,0.0,0.0,-0.0,0.002991035580635071,-0.0029914705082774162,0.0,-4.3481122702360153e-07,100.40201568603516,100.4019775390625,790.7993774414062,790.7993774414062,790.7993774414062,550.3868408203125,0.0,0.0,34.8572998046875,0.0010999999940395355,0.02200000174343586,0.03299999609589577,78.25286865234375,5655.8173828125,114276.53125,0.02126905508339405,0.0,3.1392715754918754e-05,7296.1552734375,0.0,0.231320321559906,0.0191325880587101,0.0,0.0,34.8390007019043,0.0,0.0,1600.0,0.0,50.0,0.0,0.0,0.0,50.0,50.0,200.0,1.0,1.0,1.0000001192092896,0.0
5480.0,155.49932861328125,309.9742736816406,327.807861328125,327.8069763183594,292.1408386230469,292.1416931152344,16515.818359375,33031.63671875,66.97390747070312,66.97394561767578,1915.8577880859375,3831.611572265625,1915.844970703125,3831.5859375,288.46234130859375,59.024723052978516,-1.910346554723219e-06,0.0,0.0,2582.677978515625,1290.1259765625,0.0,34.8572998046875,2906.63720703125,11.836812973022461,11.836857795715332,971.0772094726562,1942.0587158203125,49.99989700317383,49.9998893737793,100.0,0.0,0.0,344.9919738769531,0.0,7.924896240234375,17.18410873413086,17.18499183654785,0.0,1.034000039100647,0.9067617654800415,50.0,0.09999999403953552,2.2907917499542236,0.0,0.0,0.0,0.0,0.1928102480773201,0.0,0.0,-0.0,0.002991035580635071,-0.0029914705082774162,0.0,-4.3481122702360153e-07,100.40201568603516,100.4019775390625,790.7993774414062,790.7993774414062,790.7993774414062,550.3868408203125,0.0,0.0,34.8572998046875,0.0010999999940395355,0.02200000174343586,0.03299999609589577,78.25286865234375,5655.8173828125,114276.53125,0.02126905508339405,0.0,3.1392715754918754e-05,7309.4951171875,0.0,0.231320321559906,0.0191325880587101,0.0,0.0,34.8390007019043,0.0,0.0,1600.0,0.0,50.0,0.0,0.0,0.0,50.0,50.0,200.0,1.0,1.0,1.0000001192092896,0.0
5490.0,155.49932861328125,309.9742736816406,327.807861328125,327.8069763183594,292.1408386230469,292.1416931152344,16515.818359375,33031.63671875,66.97390747070312,66.97394561767578,1915.8577880859375,3831.611572265625,1915.844970703125,3831.5859375,288.46234130859375,59.024723052978516,-1.910346554723219e-06,0.0,0.0,2582.677978515625,1290.1259765625,0.0,34.8572998046875,2906.63720703125,11.836812973022461,11.836857795715332,971.0772094726562,1942.0587158203125,49.99989700317383,49.9998893737793,100.0,0.0,0.0,344.9919738769531,0.0,7.924896240234375,17.18410873413086,17.18499183654785,0.0,1.034000039100647,0.9067617654800415,50.0,0.09999999403953552,2.2907917499542236,0.0,0.0,0.0,0.0,0.1928102480773201,0.0,0.0,-0.0,0.002991035580635071,-0.0029914705082774162,0.0,-4.3481122702360153e-07,100.40201568603516,100.4019775390625,790.7993774414062,790.7993774414062,790.7993774414062,550.3868408203125,0.0,0.0,34.8572998046875,0.0010999999940395355,0.02200000174343586,0.03299999609589577,78.25286865234375,5655.8173828125,114276.53125,0.02126905508339405,0.0,3.1392715754918754e-05,7322.8349609375,0.0,0.231320321559906,0.0191325880587101,0.0,0.0,34.8390007019043,0.0,0.0,1600.0,0.0,50.0,0.0,0.0,0.0,50.0,50.0,200.0,1.0,1.0,1.0000001192092896,0.0
5500.0,155.49932861328125,309.9742736816406,327.807861328125,327.8069763183594,292.1408386230469,292.1416931152344,16515.818359375,33031.63671875,66.97390747070312,66.97394561767578,1915.8577880859375,3831.611572265625,1915.844970703125,3831.5859375,288.46234130859375,59.024723052978516,-1.910346554723219e-06,0.0,0.0,2582.677978515625,1290.1259765625,0.0,34.8572998046875,2906.63720703125,11.836812973022461,11.836857795715332,971.0772094726562,1942.0587158203125,49.99989700317383,49.9998893737793,100.0,0.0,0.0,344.9919738769531,0.0,7.924896240234375,17.18410873413086,17.18499183654785,0.0,1.034000039100647,0.9067617654800415,50.0,0.09999999403953552,2.2907917499542236,0.0,0.0,0.0,0.0,0.1928102480773201,0.0,0.0,-0.0,0.002991035580635071,-0.0029914705082774162,0.0,-4.3481122702360153e-07,100.40201568603516,100.4019775390625,790.7993774414062,790.7993774414062,790.7993774414062,550.3868408203125,0.0,0.0,34.8572998046875,0.0010999999940395355,0.02200000174343586,0.03299999609589577,78.25286865234375,5655.8173828125,114276.53125,0.02126905508339405,0.0,3.1392715754918754e-05,7336.1748046875,0.0,0.231320321559906,0.0191325880587101,0.0,0.0,34.8390007019043,0.0,0.0,1600.0,0.0,50.0,0.0,0.0,0.0,50.0,50.0,200.0,1.0,1.0,1.0000001192092896,0.0
5510.0,155.49932861328125,309.9742736816406,327.807861328125,327.8069763183594,292.1408386230469,292.1416931152344,16515.818359375,33031.63671875,66.97390747070312,66.97394561767578,1915.8577880859375,3831.611572265625,1915.844970703125,3831.5859375,288.46234130859375,59.024723052978516,-1.910346554723219e-06,0.0,0.0,2582.677978515625,1290.1259765625,0.0,34.8572998046875,2906.63720703125,11.836812973022461,11.836857795715332,971.0772094726562,1942.0587158203125,49.99989700317383,49.9998893737793,100.0,0.0,0.0,344.9919738769531,0.0,7.924896240234375,17.18410873413086,17.18499183654785,0.0,1.034000039100647,0.9067617654800415,50.0,0.09999999403953552,2.2907917499542236,0.0,0.0,0.0,0.0,0.1928102480773201,0.0,0.0,-0.0,0.002991035580635071,-0.0029914705082774162,0.0,-4.3481122702360153e-07,100.40201568603516,100.4019775390625,790.7993774414062,790.7993774414062,790.7993774414062,550.3868408203125,0.0,0.0,34.8572998046875,0.0010999999940395355,0.02200000174343586,0.03299999609589577,78.25286865234375,5655.8173828125,114276.53125,0.02126905508339405,0.0,3.1392715754918754e-05,7349.5146484375,0.0,0.231320321559906,0.0191325880587101,0.0,0.0,34.8390007019043,0.0,0.0,1600.0,0.0,50.0,0.0,0.0,0.0,50.0,50.0,200.0,1.0,1.0,1.0000001192092896,0.0
5520.0,155.49932861328125,309.9742736816406,327.807861328125,327.8069763183594,292.1408386230469,292.1416931152344,16515.818359375,33031.63671875,66.97390747070312,66.97394561767578,1915.8577880859375,3831.611572265625,1915.844970703125,3831.5859375,288.46234130859375,59.024723052978516,-1.910346554723219e-06,0.0,0.0,2582.677978515625,1290.1259765625,0.0,34.8572998046875,2906.63720703125,11.836812973022461,11.836857795715332,971.0772094726562,1942.0587158203125,49.99989700317383,49.9998893737793,100.0,0.0,0.0,344.9919738769531,0.0,7.924896240234375,17.18410873413086,17.18499183654785,0.0,1.034000039100647,0.9067617654800415,50.0,0.09999999403953552,2.2907917499542236,0.0,0.0,0.0,0.0,0.1928102480773201,0.0,0.0,-0.0,0.002991035580635071,-0.0029914705082774162,0.0,-4.3481122702360153e-07,100.40201568603516,100.4019775390625,790.7993774414062,790.7993774414062,790.7993774414062,550.3868408203125,0.0,0.0,34.8572998046875,0.0010999999940395355,0.02200000174343586,0.03299999609589577,78.25286865234375,5655.8173828125,114276.53125,0.02126905508339405,0.0,3.1392715754918754e-05,7362.8544921875,0.0,0.231320321559906,0.0191325880587101,0.0,0.0,34.8390007019043,0.0,0.0,1600.0,0.0,50.0,0.0,0.0,0.0,50.0,50.0,200.0,1.0,1.0,1.0000001192092896,0.0
