TIME,I131,I132,I133,I134,I135,KR83M,KR85M,KR85,KR87,KR88,XE131M,XE133M,XE133,XE135M,XE135,XE138,CO58,CO60,RB86,SR89,SR90,Y90,Y91,ZR95,NB95,MO99,TC99M,RU103,RU106,SB127,TE127,TE127M,TE129,TE129M,TE132,CS134,CS136,CS137,BA140,LA140,CE141,CE144,PR143,ND147,NP239,PU238,PU239,PU240,PU241,AM241,CM242,CM244
60.0,0.0003150994307361543,0.0003736171347554773,0.0005046774749644101,7.768067007418722e-05,0.00028409206424839795,7.619774260092527e-05,0.00331001915037632,0.0028145057149231434,7.798473961884156e-05,0.043026648461818695,0.00011949375766562298,0.002816024236381054,0.04306860268115997,7.784498302498832e-05,0.0001203238862217404,0.00010931234282907099,1.0038337938667041e-09,1.0038337938667041e-09,1.0038337938667041e-09,1.0038337938667041e-09,1.0038337938667041e-09,1.0038337938667041e-09,1.0038337938667041e-09,1.0038337938667041e-09,1.0038337938667041e-09,1.0038337938667041e-09,1.0038337938667041e-09,1.0038337938667041e-09,1.0038337938667041e-09,1.0038337938667041e-09,1.0038337938667041e-09,1.0038337938667041e-09,1.0038337938667041e-09,1.0038337938667041e-09,1.0038337938667041e-09,1.0038337938667041e-09,1.0038337938667041e-09,1.0038337938667041e-09,1.0038337938667041e-09,1.0038337938667041e-09,1.0038337938667041e-09,1.0038337938667041e-09,1.0038337938667041e-09,1.0038337938667041e-09,1.0038337938667041e-09,1.0038337938667041e-09,1.0038337938667041e-09,1.0038337938667041e-09,1.0038337938667041e-09,1.0038337938667041e-09,1.0038337938667041e-09,1.0038337938667041e-09
120.0,0.0007664485601708293,0.0009132038685493171,0.0012285594129934907,0.00019034274737350643,0.0006926212226971984,0.00017954093345906585,0.0078003681264817715,0.006632281932979822,0.0001837039744714275,0.10139766335487366,0.0002814749605022371,0.006635304074734449,0.10148116201162338,0.0001834258291637525,0.0002831270103342831,0.0002575731195975095,1.0076358636368354e-09,1.0076358636368354e-09,1.0076358636368354e-09,1.0076358636368354e-09,1.0076358636368354e-09,1.0076358636368354e-09,1.0076358636368354e-09,1.0076358636368354e-09,1.0076358636368354e-09,1.0076358636368354e-09,1.0076358636368354e-09,1.0076358636368354e-09,1.0076358636368354e-09,1.0076358636368354e-09,1.0076358636368354e-09,1.0076358636368354e-09,1.0076358636368354e-09,1.0076358636368354e-09,1.0076358636368354e-09,1.0076358636368354e-09,1.0076358636368354e-09,1.0076358636368354e-09,1.0076358636368354e-09,1.0076358636368354e-09,1.0076358636368354e-09,1.0076358636368354e-09,1.0076358636368354e-09,1.0076358636368354e-09,1.0076358636368354e-09,1.0076358636368354e-09,1.0076358636368354e-09,1.0076358636368354e-09,1.0076358636368354e-09,1.0076358636368354e-09,1.0076358636368354e-09,1.0076358636368354e-09
180.0,0.004287416115403175,0.005189746618270874,0.006890531629323959,0.001090439036488533,0.0039038590621203184,0.0008968192269094288,0.038983579725027084,0.0331389345228672,0.0009167037205770612,0.5067751407623291,0.0014043973060324788,0.03314346447587013,0.5069001317024231,0.000916287477593869,0.001406868570484221,0.0012866967590525746,1.0114379334069667e-09,1.0114379334069667e-09,1.0114379334069667e-09,1.0114379334069667e-09,1.0114379334069667e-09,1.0114379334069667e-09,1.0114379334069667e-09,1.0114379334069667e-09,1.0114379334069667e-09,1.0114379334069667e-09,1.0114379334069667e-09,1.0114379334069667e-09,1.0114379334069667e-09,1.0114379334069667e-09,1.0114379334069667e-09,1.0114379334069667e-09,1.0114379334069667e-09,1.0114379334069667e-09,1.0114379334069667e-09,1.0114379334069667e-09,1.0114379334069667e-09,1.0114379334069667e-09,1.0114379334069667e-09,1.0114379334069667e-09,1.0114379334069667e-09,1.0114379334069667e-09,1.0114379334069667e-09,1.0114379334069667e-09,1.0114379334069667e-09,1.0114379334069667e-09,1.0114379334069667e-09,1.0114379334069667e-09,1.0114379334069667e-09,1.0114379334069667e-09,1.0114379334069667e-09,1.0114379334069667e-09
240.0,0.012072190642356873,0.014657003805041313,0.019411670044064522,0.0030842937994748354,0.011008131317794323,0.002466857898980379,0.10724332928657532,0.09116069972515106,0.002521002199500799,1.3941479921340942,0.0038620748091489077,0.0911666750907898,1.3943145275115967,0.0025204482953995466,0.0038653663359582424,0.0035393473226577044,1.0152398921547956e-09,1.0152398921547956e-09,1.0152398921547956e-09,1.0152398921547956e-09,1.0152398921547956e-09,1.0152398921547956e-09,1.0152398921547956e-09,1.0152398921547956e-09,1.0152398921547956e-09,1.0152398921547956e-09,1.0152398921547956e-09,1.0152398921547956e-09,1.0152398921547956e-09,1.0152398921547956e-09,1.0152398921547956e-09,1.0152398921547956e-09,1.0152398921547956e-09,1.0152398921547956e-09,1.0152398921547956e-09,1.0152398921547956e-09,1.0152398921547956e-09,1.0152398921547956e-09,1.0152398921547956e-09,1.0152398921547956e-09,1.0152398921547956e-09,1.0152398921547956e-09,1.0152398921547956e-09,1.0152398921547956e-09,1.0152398921547956e-09,1.0152398921547956e-09,1.0152398921547956e-09,1.0152398921547956e-09,1.0152398921547956e-09,1.0152398921547956e-09,1.0152398921547956e-09,1.0152398921547956e-09
300.0,0.024110525846481323,0.029302498325705528,0.0387754812836647,0.0061692786403000355,0.021996093913912773,0.004887607414275408,0.21249045431613922,0.18062178790569305,0.004994505550712347,2.762356758117676,0.00765130203217268,0.18062923848628998,2.7625653743743896,0.004993813578039408,0.007655411958694458,0.007012584712356329,1.019041961924927e-09,1.019041961924927e-09,1.019041961924927e-09,1.019041961924927e-09,1.019041961924927e-09,1.019041961924927e-09,1.019041961924927e-09,1.019041961924927e-09,1.019041961924927e-09,1.019041961924927e-09,1.019041961924927e-09,1.019041961924927e-09,1.019041961924927e-09,1.019041961924927e-09,1.019041961924927e-09,1.019041961924927e-09,1.019041961924927e-09,1.019041961924927e-09,1.019041961924927e-09,1.019041961924927e-09,1.019041961924927e-09,1.019041961924927e-09,1.019041961924927e-09,1.019041961924927e-09,1.019041961924927e-09,1.019041961924927e-09,1.019041961924927e-09,1.019041961924927e-09,1.019041961924927e-09,1.019041961924927e-09,1.019041961924927e-09,1.019041961924927e-09,1.019041961924927e-09,1.019041961924927e-09,1.019041961924927e-09,1.019041961924927e-09
360.0,0.04039984941482544,0.04912309721112251,0.06497782468795776,0.010344735346734524,0.03686538711190224,0.008158556185662746,0.3547026515007019,0.3015032708644867,0.008336691185832024,4.611114501953125,0.012771273031830788,0.3015121817588806,4.61136531829834,0.008335862308740616,0.012776201590895653,0.0117056705057621,1.0228440316950582e-09,1.0228440316950582e-09,1.0228440316950582e-09,1.0228440316950582e-09,1.0228440316950582e-09,1.0228440316950582e-09,1.0228440316950582e-09,1.0228440316950582e-09,1.0228440316950582e-09,1.0228440316950582e-09,1.0228440316950582e-09,1.0228440316950582e-09,1.0228440316950582e-09,1.0228440316950582e-09,1.0228440316950582e-09,1.0228440316950582e-09,1.0228440316950582e-09,1.0228440316950582e-09,1.0228440316950582e-09,1.0228440316950582e-09,1.0228440316950582e-09,1.0228440316950582e-09,1.0228440316950582e-09,1.0228440316950582e-09,1.0228440316950582e-09,1.0228440316950582e-09,1.0228440316950582e-09,1.0228440316950582e-09,1.0228440316950582e-09,1.0228440316950582e-09,1.0228440316950582e-09,1.0228440316950582e-09,1.0228440316950582e-09,1.0228440316950582e-09,1.0228440316950582e-09,1.0228440316950582e-09
420.0,0.06094086170196533,0.07411961257457733,0.0980197861790657,0.0156108308583498,0.05561663582921028,0.012279837392270565,0.5338858366012573,0.45381003618240356,0.012547695077955723,6.940491676330566,0.0192221961915493,0.45382046699523926,6.940784931182861,0.012546726502478123,0.019227944314479828,0.017618801444768906,1.0266461014651895e-09,1.0266461014651895e-09,1.0266461014651895e-09,1.0266461014651895e-09,1.0266461014651895e-09,1.0266461014651895e-09,1.0266461014651895e-09,1.0266461014651895e-09,1.0266461014651895e-09,1.0266461014651895e-09,1.0266461014651895e-09,1.0266461014651895e-09,1.0266461014651895e-09,1.0266461014651895e-09,1.0266461014651895e-09,1.0266461014651895e-09,1.0266461014651895e-09,1.0266461014651895e-09,1.0266461014651895e-09,1.0266461014651895e-09,1.0266461014651895e-09,1.0266461014651895e-09,1.0266461014651895e-09,1.0266461014651895e-09,1.0266461014651895e-09,1.0266461014651895e-09,1.0266461014651895e-09,1.0266461014651895e-09,1.0266461014651895e-09,1.0266461014651895e-09,1.0266461014651895e-09,1.0266461014651895e-09,1.0266461014651895e-09,1.0266461014651895e-09,1.0266461014651895e-09,1.0266461014651895e-09
480.0,0.08574412018060684,0.10430491715669632,0.1379183679819107,0.021970286965370178,0.07825949788093567,0.017253564670681953,0.750132143497467,0.637620210647583,0.017629675567150116,9.751690864562988,0.027007386088371277,0.6376321911811829,9.75202465057373,0.017628567293286324,0.027013961225748062,0.024755002930760384,1.0304480602130184e-09,1.0304480602130184e-09,1.0304480602130184e-09,1.0304480602130184e-09,1.0304480602130184e-09,1.0304480602130184e-09,1.0304480602130184e-09,1.0304480602130184e-09,1.0304480602130184e-09,1.0304480602130184e-09,1.0304480602130184e-09,1.0304480602130184e-09,1.0304480602130184e-09,1.0304480602130184e-09,1.0304480602130184e-09,1.0304480602130184e-09,1.0304480602130184e-09,1.0304480602130184e-09,1.0304480602130184e-09,1.0304480602130184e-09,1.0304480602130184e-09,1.0304480602130184e-09,1.0304480602130184e-09,1.0304480602130184e-09,1.0304480602130184e-09,1.0304480602130184e-09,1.0304480602130184e-09,1.0304480602130184e-09,1.0304480602130184e-09,1.0304480602130184e-09,1.0304480602130184e-09,1.0304480602130184e-09,1.0304480602130184e-09,1.0304480602130184e-09,1.0304480602130184e-09,1.0304480602130184e-09
540.0,0.11482688039541245,0.13970011472702026,0.18470145761966705,0.029427532106637955,0.10480976849794388,0.02308323048055172,1.0035916566848755,0.8530616760253906,0.023586181923747063,13.046662330627441,0.03613225743174553,0.8530750870704651,13.047039985656738,0.02358492650091648,0.03613967448472977,0.03311925381422043,1.0342501299831497e-09,1.0342501299831497e-09,1.0342501299831497e-09,1.0342501299831497e-09,1.0342501299831497e-09,1.0342501299831497e-09,1.0342501299831497e-09,1.0342501299831497e-09,1.0342501299831497e-09,1.0342501299831497e-09,1.0342501299831497e-09,1.0342501299831497e-09,1.0342501299831497e-09,1.0342501299831497e-09,1.0342501299831497e-09,1.0342501299831497e-09,1.0342501299831497e-09,1.0342501299831497e-09,1.0342501299831497e-09,1.0342501299831497e-09,1.0342501299831497e-09,1.0342501299831497e-09,1.0342501299831497e-09,1.0342501299831497e-09,1.0342501299831497e-09,1.0342501299831497e-09,1.0342501299831497e-09,1.0342501299831497e-09,1.0342501299831497e-09,1.0342501299831497e-09,1.0342501299831497e-09,1.0342501299831497e-09,1.0342501299831497e-09,1.0342501299831497e-09,1.0342501299831497e-09,1.0342501299831497e-09
600.0,0.1482050120830536,0.18032437562942505,0.23839443922042847,0.037986621260643005,0.13528186082839966,0.029771924018859863,1.2944016456604004,1.100251317024231,0.030420418828725815,16.827190399169922,0.04660175368189812,1.1002658605575562,16.827608108520508,0.03041902184486389,0.04660997539758682,0.042716026306152344,1.038052199753281e-09,1.038052199753281e-09,1.038052199753281e-09,1.038052199753281e-09,1.038052199753281e-09,1.038052199753281e-09,1.038052199753281e-09,1.038052199753281e-09,1.038052199753281e-09,1.038052199753281e-09,1.038052199753281e-09,1.038052199753281e-09,1.038052199753281e-09,1.038052199753281e-09,1.038052199753281e-09,1.038052199753281e-09,1.038052199753281e-09,1.038052199753281e-09,1.038052199753281e-09,1.038052199753281e-09,1.038052199753281e-09,1.038052199753281e-09,1.038052199753281e-09,1.038052199753281e-09,1.038052199753281e-09,1.038052199753281e-09,1.038052199753281e-09,1.038052199753281e-09,1.038052199753281e-09,1.038052199753281e-09,1.038052199753281e-09,1.038052199753281e-09,1.038052199753281e-09,1.038052199753281e-09,1.038052199753281e-09,1.038052199753281e-09
660.0,0.18589459359645844,0.2261972874403,0.2990231215953827,0.047651685774326324,0.16969041526317596,0.03732290491461754,1.6227021217346191,1.379307746887207,0.038135673850774765,21.095096588134766,0.058420903980731964,1.3793238401412964,21.095561981201172,0.038134146481752396,0.05842994898557663,0.05355001986026764,1.0418542695234123e-09,1.0418542695234123e-09,1.0418542695234123e-09,1.0418542695234123e-09,1.0418542695234123e-09,1.0418542695234123e-09,1.0418542695234123e-09,1.0418542695234123e-09,1.0418542695234123e-09,1.0418542695234123e-09,1.0418542695234123e-09,1.0418542695234123e-09,1.0418542695234123e-09,1.0418542695234123e-09,1.0418542695234123e-09,1.0418542695234123e-09,1.0418542695234123e-09,1.0418542695234123e-09,1.0418542695234123e-09,1.0418542695234123e-09,1.0418542695234123e-09,1.0418542695234123e-09,1.0418542695234123e-09,1.0418542695234123e-09,1.0418542695234123e-09,1.0418542695234123e-09,1.0418542695234123e-09,1.0418542695234123e-09,1.0418542695234123e-09,1.0418542695234123e-09,1.0418542695234123e-09,1.0418542695234123e-09,1.0418542695234123e-09,1.0418542695234123e-09,1.0418542695234123e-09,1.0418542695234123e-09
720.0,0.22790828347206116,0.2773343622684479,0.3666079640388489,0.05842598155140877,0.2080470770597458,0.04573870077729225,1.9886037111282349,1.690325140953064,0.04673455283045769,25.85181427001953,0.07159370183944702,1.690342664718628,25.852323532104492,0.04673289135098457,0.07160355150699615,0.06562484055757523,1.0456562282712412e-09,1.0456562282712412e-09,1.0456562282712412e-09,1.0456562282712412e-09,1.0456562282712412e-09,1.0456562282712412e-09,1.0456562282712412e-09,1.0456562282712412e-09,1.0456562282712412e-09,1.0456562282712412e-09,1.0456562282712412e-09,1.0456562282712412e-09,1.0456562282712412e-09,1.0456562282712412e-09,1.0456562282712412e-09,1.0456562282712412e-09,1.0456562282712412e-09,1.0456562282712412e-09,1.0456562282712412e-09,1.0456562282712412e-09,1.0456562282712412e-09,1.0456562282712412e-09,1.0456562282712412e-09,1.0456562282712412e-09,1.0456562282712412e-09,1.0456562282712412e-09,1.0456562282712412e-09,1.0456562282712412e-09,1.0456562282712412e-09,1.0456562282712412e-09,1.0456562282712412e-09,1.0456562282712412e-09,1.0456562282712412e-09,1.0456562282712412e-09,1.0456562282712412e-09,1.0456562282712412e-09
780.0,0.274247944355011,0.33373773097991943,0.4411519169807434,0.07030998170375824,0.2503533959388733,0.05501968413591385,2.3921217918395996,2.0333166122436523,0.05621741712093353,31.09754753112793,0.08612071722745895,2.0333359241485596,31.098094940185547,0.05621561408042908,0.08613140136003494,0.0789409726858139,1.0494582980413725e-09,1.0494582980413725e-09,1.0494582980413725e-09,1.0494582980413725e-09,1.0494582980413725e-09,1.0494582980413725e-09,1.0494582980413725e-09,1.0494582980413725e-09,1.0494582980413725e-09,1.0494582980413725e-09,1.0494582980413725e-09,1.0494582980413725e-09,1.0494582980413725e-09,1.0494582980413725e-09,1.0494582980413725e-09,1.0494582980413725e-09,1.0494582980413725e-09,1.0494582980413725e-09,1.0494582980413725e-09,1.0494582980413725e-09,1.0494582980413725e-09,1.0494582980413725e-09,1.0494582980413725e-09,1.0494582980413725e-09,1.0494582980413725e-09,1.0494582980413725e-09,1.0494582980413725e-09,1.0494582980413725e-09,1.0494582980413725e-09,1.0494582980413725e-09,1.0494582980413725e-09,1.0494582980413725e-09,1.0494582980413725e-09,1.0494582980413725e-09,1.0494582980413725e-09,1.0494582980413725e-09
840.0,0.3249135911464691,0.39540767669677734,0.5226549506187439,0.08330370485782623,0.29660946130752563,0.06516586244106293,2.833256244659424,2.408282518386841,0.0665842741727829,36.832298278808594,0.10200196504592896,2.4083030223846436,36.832889556884766,0.0665823295712471,0.10201346129179001,0.09349845349788666,1.0532603678115038e-09,1.0532603678115038e-09,1.0532603678115038e-09,1.0532603678115038e-09,1.0532603678115038e-09,1.0532603678115038e-09,1.0532603678115038e-09,1.0532603678115038e-09,1.0532603678115038e-09,1.0532603678115038e-09,1.0532603678115038e-09,1.0532603678115038e-09,1.0532603678115038e-09,1.0532603678115038e-09,1.0532603678115038e-09,1.0532603678115038e-09,1.0532603678115038e-09,1.0532603678115038e-09,1.0532603678115038e-09,1.0532603678115038e-09,1.0532603678115038e-09,1.0532603678115038e-09,1.0532603678115038e-09,1.0532603678115038e-09,1.0532603678115038e-09,1.0532603678115038e-09,1.0532603678115038e-09,1.0532603678115038e-09,1.0532603678115038e-09,1.0532603678115038e-09,1.0532603678115038e-09,1.0532603678115038e-09,1.0532603678115038e-09,1.0532603678115038e-09,1.0532603678115038e-09,1.0532603678115038e-09
900.0,0.3799053430557251,0.4623439908027649,0.6111170649528503,0.09740711003541946,0.346815288066864,0.076177217066288,3.312007427215576,2.815222978591919,0.07783512026071548,43.056068420410156,0.11923744529485703,2.815244674682617,43.05670166015625,0.07783302664756775,0.11924976855516434,0.10929728299379349,1.057062437581635e-09,1.057062437581635e-09,1.057062437581635e-09,1.057062437581635e-09,1.057062437581635e-09,1.057062437581635e-09,1.057062437581635e-09,1.057062437581635e-09,1.057062437581635e-09,1.057062437581635e-09,1.057062437581635e-09,1.057062437581635e-09,1.057062437581635e-09,1.057062437581635e-09,1.057062437581635e-09,1.057062437581635e-09,1.057062437581635e-09,1.057062437581635e-09,1.057062437581635e-09,1.057062437581635e-09,1.057062437581635e-09,1.057062437581635e-09,1.057062437581635e-09,1.057062437581635e-09,1.057062437581635e-09,1.057062437581635e-09,1.057062437581635e-09,1.057062437581635e-09,1.057062437581635e-09,1.057062437581635e-09,1.057062437581635e-09,1.057062437581635e-09,1.057062437581635e-09,1.057062437581635e-09,1.057062437581635e-09,1.057062437581635e-09
960.0,0.439223051071167,0.5345468521118164,0.7065382599830627,0.11262024194002151,0.4009709656238556,0.08805376291275024,3.828376054763794,3.2541377544403076,0.0899699479341507,49.76886749267578,0.13782718777656555,3.2541611194610596,49.76953887939453,0.08996772021055222,0.13784031569957733,0.1263374537229538,1.060864396329464e-09,1.060864396329464e-09,1.060864396329464e-09,1.060864396329464e-09,1.060864396329464e-09,1.060864396329464e-09,1.060864396329464e-09,1.060864396329464e-09,1.060864396329464e-09,1.060864396329464e-09,1.060864396329464e-09,1.060864396329464e-09,1.060864396329464e-09,1.060864396329464e-09,1.060864396329464e-09,1.060864396329464e-09,1.060864396329464e-09,1.060864396329464e-09,1.060864396329464e-09,1.060864396329464e-09,1.060864396329464e-09,1.060864396329464e-09,1.060864396329464e-09,1.060864396329464e-09,1.060864396329464e-09,1.060864396329464e-09,1.060864396329464e-09,1.060864396329464e-09,1.060864396329464e-09,1.060864396329464e-09,1.060864396329464e-09,1.060864396329464e-09,1.060864396329464e-09,1.060864396329464e-09,1.060864396329464e-09,1.060864396329464e-09
1020.0,0.502866804599762,0.6120162010192871,0.8089185357093811,0.1289430856704712,0.45907655358314514,0.10079548507928848,4.382360458374023,3.725026845932007,0.10298877209424973,56.970699310302734,0.15777112543582916,3.7250516414642334,56.971412658691406,0.1029864102602005,0.1577850878238678,0.14461900293827057,1.0646664660995953e-09,1.0646664660995953e-09,1.0646664660995953e-09,1.0646664660995953e-09,1.0646664660995953e-09,1.0646664660995953e-09,1.0646664660995953e-09,1.0646664660995953e-09,1.0646664660995953e-09,1.0646664660995953e-09,1.0646664660995953e-09,1.0646664660995953e-09,1.0646664660995953e-09,1.0646664660995953e-09,1.0646664660995953e-09,1.0646664660995953e-09,1.0646664660995953e-09,1.0646664660995953e-09,1.0646664660995953e-09,1.0646664660995953e-09,1.0646664660995953e-09,1.0646664660995953e-09,1.0646664660995953e-09,1.0646664660995953e-09,1.0646664660995953e-09,1.0646664660995953e-09,1.0646664660995953e-09,1.0646664660995953e-09,1.0646664660995953e-09,1.0646664660995953e-09,1.0646664660995953e-09,1.0646664660995953e-09,1.0646664660995953e-09,1.0646664660995953e-09,1.0646664660995953e-09,1.0646664660995953e-09
1080.0,0.5708363652229309,0.6947517991065979,0.918258011341095,0.1463756263256073,0.5211321115493774,0.1144023910164833,4.97396183013916,4.227890491485596,0.11689160019159317,64.66157531738281,0.17906928062438965,4.227917194366455,64.6623306274414,0.1168890967965126,0.17908404767513275,0.16414190828800201,1.0684685358697266e-09,1.0684685358697266e-09,1.0684685358697266e-09,1.0684685358697266e-09,1.0684685358697266e-09,1.0684685358697266e-09,1.0684685358697266e-09,1.0684685358697266e-09,1.0684685358697266e-09,1.0684685358697266e-09,1.0684685358697266e-09,1.0684685358697266e-09,1.0684685358697266e-09,1.0684685358697266e-09,1.0684685358697266e-09,1.0684685358697266e-09,1.0684685358697266e-09,1.0684685358697266e-09,1.0684685358697266e-09,1.0684685358697266e-09,1.0684685358697266e-09,1.0684685358697266e-09,1.0684685358697266e-09,1.0684685358697266e-09,1.0684685358697266e-09,1.0684685358697266e-09,1.0684685358697266e-09,1.0684685358697266e-09,1.0684685358697266e-09,1.0684685358697266e-09,1.0684685358697266e-09,1.0684685358697266e-09,1.0684685358697266e-09,1.0684685358697266e-09,1.0684685358697266e-09,1.0684685358697266e-09
1140.0,0.6431322693824768,0.782753586769104,1.0345568656921387,0.16491790115833282,0.5871375203132629,0.12887455523014069,5.6031813621521,4.762728214263916,0.13167840242385864,72.84148406982422,0.20172162353992462,4.762755870819092,72.84227752685547,0.13167577981948853,0.2017371952533722,0.18490613996982574,1.0722704946175554e-09,1.0722704946175554e-09,1.0722704946175554e-09,1.0722704946175554e-09,1.0722704946175554e-09,1.0722704946175554e-09,1.0722704946175554e-09,1.0722704946175554e-09,1.0722704946175554e-09,1.0722704946175554e-09,1.0722704946175554e-09,1.0722704946175554e-09,1.0722704946175554e-09,1.0722704946175554e-09,1.0722704946175554e-09,1.0722704946175554e-09,1.0722704946175554e-09,1.0722704946175554e-09,1.0722704946175554e-09,1.0722704946175554e-09,1.0722704946175554e-09,1.0722704946175554e-09,1.0722704946175554e-09,1.0722704946175554e-09,1.0722704946175554e-09,1.0722704946175554e-09,1.0722704946175554e-09,1.0722704946175554e-09,1.0722704946175554e-09,1.0722704946175554e-09,1.0722704946175554e-09,1.0722704946175554e-09,1.0722704946175554e-09,1.0722704946175554e-09,1.0722704946175554e-09,1.0722704946175554e-09
1200.0,0.7197540998458862,0.8760217428207397,1.1578145027160645,0.18456989526748657,0.6570928692817688,0.14421184360980988,6.270016670227051,5.329540729522705,0.14734920859336853,81.51042938232422,0.22572816908359528,5.3295698165893555,81.51126098632812,0.14734645187854767,0.22574454545974731,0.20691171288490295,1.0760725643876867e-09,1.0760725643876867e-09,1.0760725643876867e-09,1.0760725643876867e-09,1.0760725643876867e-09,1.0760725643876867e-09,1.0760725643876867e-09,1.0760725643876867e-09,1.0760725643876867e-09,1.0760725643876867e-09,1.0760725643876867e-09,1.0760725643876867e-09,1.0760725643876867e-09,1.0760725643876867e-09,1.0760725643876867e-09,1.0760725643876867e-09,1.0760725643876867e-09,1.0760725643876867e-09,1.0760725643876867e-09,1.0760725643876867e-09,1.0760725643876867e-09,1.0760725643876867e-09,1.0760725643876867e-09,1.0760725643876867e-09,1.0760725643876867e-09,1.0760725643876867e-09,1.0760725643876867e-09,1.0760725643876867e-09,1.0760725643876867e-09,1.0760725643876867e-09,1.0760725643876867e-09,1.0760725643876867e-09,1.0760725643876867e-09,1.0760725643876867e-09,1.0760725643876867e-09,1.0760725643876867e-09
1260.0,0.8007019758224487,0.9745561480522156,1.2880313396453857,0.20533156394958496,0.7309979796409607,0.16041430830955505,6.97446870803833,5.928328037261963,0.16390401124954224,90.66841125488281,0.2510889172554016,5.928358554840088,90.66928100585938,0.16390112042427063,0.2511061131954193,0.23015861213207245,1.0798745231355156e-09,1.0798745231355156e-09,1.0798745231355156e-09,1.0798745231355156e-09,1.0798745231355156e-09,1.0798745231355156e-09,1.0798745231355156e-09,1.0798745231355156e-09,1.0798745231355156e-09,1.0798745231355156e-09,1.0798745231355156e-09,1.0798745231355156e-09,1.0798745231355156e-09,1.0798745231355156e-09,1.0798745231355156e-09,1.0798745231355156e-09,1.0798745231355156e-09,1.0798745231355156e-09,1.0798745231355156e-09,1.0798745231355156e-09,1.0798745231355156e-09,1.0798745231355156e-09,1.0798745231355156e-09,1.0798745231355156e-09,1.0798745231355156e-09,1.0798745231355156e-09,1.0798745231355156e-09,1.0798745231355156e-09,1.0798745231355156e-09,1.0798745231355156e-09,1.0798745231355156e-09,1.0798745231355156e-09,1.0798745231355156e-09,1.0798745231355156e-09,1.0798745231355156e-09,1.0798745231355156e-09
1320.0,0.8859756588935852,1.0783566236495972,1.4252071380615234,0.22720293700695038,0.8088529706001282,0.17748196423053741,7.71653413772583,6.559089183807373,0.18134279549121857,100.3154296875,0.27780383825302124,6.559121131896973,100.31634521484375,0.18133977055549622,0.2778218686580658,0.2546468675136566,1.0836765929056469e-09,1.0836765929056469e-09,1.0836765929056469e-09,1.0836765929056469e-09,1.0836765929056469e-09,1.0836765929056469e-09,1.0836765929056469e-09,1.0836765929056469e-09,1.0836765929056469e-09,1.0836765929056469e-09,1.0836765929056469e-09,1.0836765929056469e-09,1.0836765929056469e-09,1.0836765929056469e-09,1.0836765929056469e-09,1.0836765929056469e-09,1.0836765929056469e-09,1.0836765929056469e-09,1.0836765929056469e-09,1.0836765929056469e-09,1.0836765929056469e-09,1.0836765929056469e-09,1.0836765929056469e-09,1.0836765929056469e-09,1.0836765929056469e-09,1.0836765929056469e-09,1.0836765929056469e-09,1.0836765929056469e-09,1.0836765929056469e-09,1.0836765929056469e-09,1.0836765929056469e-09,1.0836765929056469e-09,1.0836765929056469e-09,1.0836765929056469e-09,1.0836765929056469e-09,1.0836765929056469e-09
1380.0,0.9755753874778748,1.1874234676361084,1.5693423748016357,0.25018396973609924,0.8906581401824951,0.19541479647159576,8.496216773986816,7.221825122833252,0.1996655911207199,110.45149230957031,0.30587297677993774,7.221858501434326,110.45245361328125,0.19966243207454681,0.30589181184768677,0.2803764343261719,1.0874786626757782e-09,1.0874786626757782e-09,1.0874786626757782e-09,1.0874786626757782e-09,1.0874786626757782e-09,1.0874786626757782e-09,1.0874786626757782e-09,1.0874786626757782e-09,1.0874786626757782e-09,1.0874786626757782e-09,1.0874786626757782e-09,1.0874786626757782e-09,1.0874786626757782e-09,1.0874786626757782e-09,1.0874786626757782e-09,1.0874786626757782e-09,1.0874786626757782e-09,1.0874786626757782e-09,1.0874786626757782e-09,1.0874786626757782e-09,1.0874786626757782e-09,1.0874786626757782e-09,1.0874786626757782e-09,1.0874786626757782e-09,1.0874786626757782e-09,1.0874786626757782e-09,1.0874786626757782e-09,1.0874786626757782e-09,1.0874786626757782e-09,1.0874786626757782e-09,1.0874786626757782e-09,1.0874786626757782e-09,1.0874786626757782e-09,1.0874786626757782e-09,1.0874786626757782e-09,1.0874786626757782e-09
1440.0,1.069501280784607,1.3017566204071045,1.7204365730285645,0.2742747664451599,0.9764133095741272,0.21421284973621368,9.313514709472656,7.916533946990967,0.21887236833572388,121.07655334472656,0.3352963924407959,7.916568756103516,121.07755279541016,0.21886907517910004,0.335316002368927,0.3073473274707794,1.091280621423607e-09,1.091280621423607e-09,1.091280621423607e-09,1.091280621423607e-09,1.091280621423607e-09,1.091280621423607e-09,1.091280621423607e-09,1.091280621423607e-09,1.091280621423607e-09,1.091280621423607e-09,1.091280621423607e-09,1.091280621423607e-09,1.091280621423607e-09,1.091280621423607e-09,1.091280621423607e-09,1.091280621423607e-09,1.091280621423607e-09,1.091280621423607e-09,1.091280621423607e-09,1.091280621423607e-09,1.091280621423607e-09,1.091280621423607e-09,1.091280621423607e-09,1.091280621423607e-09,1.091280621423607e-09,1.091280621423607e-09,1.091280621423607e-09,1.091280621423607e-09,1.091280621423607e-09,1.091280621423607e-09,1.091280621423607e-09,1.091280621423607e-09,1.091280621423607e-09,1.091280621423607e-09,1.091280621423607e-09,1.091280621423607e-09
1500.0,1.1677528619766235,1.4213558435440063,1.8784898519515991,0.29947519302368164,1.0661183595657349,0.2338760942220688,10.168428421020508,8.64321517944336,0.23896318674087524,132.19061279296875,0.36607399582862854,8.643251419067383,132.191650390625,0.23895974457263947,0.3660944104194641,0.33555954694747925,1.0950826911937384e-09,1.0950826911937384e-09,1.0950826911937384e-09,1.0950826911937384e-09,1.0950826911937384e-09,1.0950826911937384e-09,1.0950826911937384e-09,1.0950826911937384e-09,1.0950826911937384e-09,1.0950826911937384e-09,1.0950826911937384e-09,1.0950826911937384e-09,1.0950826911937384e-09,1.0950826911937384e-09,1.0950826911937384e-09,1.0950826911937384e-09,1.0950826911937384e-09,1.0950826911937384e-09,1.0950826911937384e-09,1.0950826911937384e-09,1.0950826911937384e-09,1.0950826911937384e-09,1.0950826911937384e-09,1.0950826911937384e-09,1.0950826911937384e-09,1.0950826911937384e-09,1.0950826911937384e-09,1.0950826911937384e-09,1.0950826911937384e-09,1.0950826911937384e-09,1.0950826911937384e-09,1.0950826911937384e-09,1.0950826911937384e-09,1.0950826911937384e-09,1.0950826911937384e-09,1.0950826911937384e-09
1560.0,1.2703304290771484,1.546221375465393,2.043501377105713,0.325785368680954,1.159773588180542,0.25440457463264465,11.060958862304688,9.401871681213379,0.25993812084198,143.7936553955078,0.3982057571411133,9.401909828186035,143.7947540283203,0.25993451476097107,0.3982269763946533,0.36501309275627136,1.0988846499415672e-09,1.0988846499415672e-09,1.0988846499415672e-09,1.0988846499415672e-09,1.0988846499415672e-09,1.0988846499415672e-09,1.0988846499415672e-09,1.0988846499415672e-09,1.0988846499415672e-09,1.0988846499415672e-09,1.0988846499415672e-09,1.0988846499415672e-09,1.0988846499415672e-09,1.0988846499415672e-09,1.0988846499415672e-09,1.0988846499415672e-09,1.0988846499415672e-09,1.0988846499415672e-09,1.0988846499415672e-09,1.0988846499415672e-09,1.0988846499415672e-09,1.0988846499415672e-09,1.0988846499415672e-09,1.0988846499415672e-09,1.0988846499415672e-09,1.0988846499415672e-09,1.0988846499415672e-09,1.0988846499415672e-09,1.0988846499415672e-09,1.0988846499415672e-09,1.0988846499415672e-09,1.0988846499415672e-09,1.0988846499415672e-09,1.0988846499415672e-09,1.0988846499415672e-09,1.0988846499415672e-09
1620.0,1.3772343397140503,1.676353096961975,2.215472936630249,0.3532051742076874,1.2573786973953247,0.27579835057258606,11.991106033325195,10.192502975463867,0.2817971110343933,155.88571166992188,0.43169185519218445,10.192543029785156,155.8868408203125,0.28179338574409485,0.43171384930610657,0.3957079350948334,1.1026867197116985e-09,1.1026867197116985e-09,1.1026867197116985e-09,1.1026867197116985e-09,1.1026867197116985e-09,1.1026867197116985e-09,1.1026867197116985e-09,1.1026867197116985e-09,1.1026867197116985e-09,1.1026867197116985e-09,1.1026867197116985e-09,1.1026867197116985e-09,1.1026867197116985e-09,1.1026867197116985e-09,1.1026867197116985e-09,1.1026867197116985e-09,1.1026867197116985e-09,1.1026867197116985e-09,1.1026867197116985e-09,1.1026867197116985e-09,1.1026867197116985e-09,1.1026867197116985e-09,1.1026867197116985e-09,1.1026867197116985e-09,1.1026867197116985e-09,1.1026867197116985e-09,1.1026867197116985e-09,1.1026867197116985e-09,1.1026867197116985e-09,1.1026867197116985e-09,1.1026867197116985e-09,1.1026867197116985e-09,1.1026867197116985e-09,1.1026867197116985e-09,1.1026867197116985e-09,1.1026867197116985e-09
1680.0,1.4884642362594604,1.8117512464523315,2.3944032192230225,0.3817347288131714,1.358933687210083,0.2980574369430542,12.958868980407715,11.015109062194824,0.3045401871204376,168.46676635742188,0.4665321111679077,11.015149116516113,168.46792602539062,0.3045363426208496,0.4665549099445343,0.42764413356781006,1.1064887894818298e-09,1.1064887894818298e-09,1.1064887894818298e-09,1.1064887894818298e-09,1.1064887894818298e-09,1.1064887894818298e-09,1.1064887894818298e-09,1.1064887894818298e-09,1.1064887894818298e-09,1.1064887894818298e-09,1.1064887894818298e-09,1.1064887894818298e-09,1.1064887894818298e-09,1.1064887894818298e-09,1.1064887894818298e-09,1.1064887894818298e-09,1.1064887894818298e-09,1.1064887894818298e-09,1.1064887894818298e-09,1.1064887894818298e-09,1.1064887894818298e-09,1.1064887894818298e-09,1.1064887894818298e-09,1.1064887894818298e-09,1.1064887894818298e-09,1.1064887894818298e-09,1.1064887894818298e-09,1.1064887894818298e-09,1.1064887894818298e-09,1.1064887894818298e-09,1.1064887894818298e-09,1.1064887894818298e-09,1.1064887894818298e-09,1.1064887894818298e-09,1.1064887894818298e-09,1.1064887894818298e-09
1740.0,1.6040198802947998,1.9524157047271729,2.580291748046875,0.41137391328811646,1.464439034461975,0.3211818337440491,13.964247703552246,11.869686126708984,0.3281674385070801,181.53680419921875,0.5027265548706055,11.869728088378906,181.5380096435547,0.3281634449958801,0.5027501583099365,0.46082165837287903,1.1102907482296587e-09,1.1102907482296587e-09,1.1102907482296587e-09,1.1102907482296587e-09,1.1102907482296587e-09,1.1102907482296587e-09,1.1102907482296587e-09,1.1102907482296587e-09,1.1102907482296587e-09,1.1102907482296587e-09,1.1102907482296587e-09,1.1102907482296587e-09,1.1102907482296587e-09,1.1102907482296587e-09,1.1102907482296587e-09,1.1102907482296587e-09,1.1102907482296587e-09,1.1102907482296587e-09,1.1102907482296587e-09,1.1102907482296587e-09,1.1102907482296587e-09,1.1102907482296587e-09,1.1102907482296587e-09,1.1102907482296587e-09,1.1102907482296587e-09,1.1102907482296587e-09,1.1102907482296587e-09,1.1102907482296587e-09,1.1102907482296587e-09,1.1102907482296587e-09,1.1102907482296587e-09,1.1102907482296587e-09,1.1102907482296587e-09,1.1102907482296587e-09,1.1102907482296587e-09,1.1102907482296587e-09
1800.0,1.723901391029358,2.098346471786499,2.773139238357544,0.4421228766441345,1.5738942623138428,0.3451715111732483,15.007243156433105,12.756237030029297,0.3526788055896759,195.09584045410156,0.5402752161026001,12.756280899047852,195.0970916748047,0.352674663066864,0.5402995944023132,0.4952405095100403,1.11409281799979e-09,1.11409281799979e-09,1.11409281799979e-09,1.11409281799979e-09,1.11409281799979e-09,1.11409281799979e-09,1.11409281799979e-09,1.11409281799979e-09,1.11409281799979e-09,1.11409281799979e-09,1.11409281799979e-09,1.11409281799979e-09,1.11409281799979e-09,1.11409281799979e-09,1.11409281799979e-09,1.11409281799979e-09,1.11409281799979e-09,1.11409281799979e-09,1.11409281799979e-09,1.11409281799979e-09,1.11409281799979e-09,1.11409281799979e-09,1.11409281799979e-09,1.11409281799979e-09,1.11409281799979e-09,1.11409281799979e-09,1.11409281799979e-09,1.11409281799979e-09,1.11409281799979e-09,1.11409281799979e-09,1.11409281799979e-09,1.11409281799979e-09,1.11409281799979e-09,1.11409281799979e-09,1.11409281799979e-09,1.11409281799979e-09
1860.0,1.8481090068817139,2.2495434284210205,2.972947120666504,0.47398149967193604,1.687299370765686,0.37002649903297424,16.087854385375977,13.674761772155762,0.3780742585659027,209.14390563964844,0.5791781544685364,13.67480754852295,209.1451873779297,0.37806999683380127,0.5792033076286316,0.5309007167816162,1.1178947767476188e-09,1.1178947767476188e-09,1.1178947767476188e-09,1.1178947767476188e-09,1.1178947767476188e-09,1.1178947767476188e-09,1.1178947767476188e-09,1.1178947767476188e-09,1.1178947767476188e-09,1.1178947767476188e-09,1.1178947767476188e-09,1.1178947767476188e-09,1.1178947767476188e-09,1.1178947767476188e-09,1.1178947767476188e-09,1.1178947767476188e-09,1.1178947767476188e-09,1.1178947767476188e-09,1.1178947767476188e-09,1.1178947767476188e-09,1.1178947767476188e-09,1.1178947767476188e-09,1.1178947767476188e-09,1.1178947767476188e-09,1.1178947767476188e-09,1.1178947767476188e-09,1.1178947767476188e-09,1.1178947767476188e-09,1.1178947767476188e-09,1.1178947767476188e-09,1.1178947767476188e-09,1.1178947767476188e-09,1.1178947767476188e-09,1.1178947767476188e-09,1.1178947767476188e-09,1.1178947767476188e-09
1920.0,1.9766427278518677,2.4060065746307373,3.179713010787964,0.506949782371521,1.804654598236084,0.3957468271255493,17.206083297729492,14.625263214111328,0.4043537974357605,223.68093872070312,0.6194353103637695,14.625309944152832,223.6822509765625,0.4043493866920471,0.6194612383842468,0.5678021907806396,1.1216968465177501e-09,1.1216968465177501e-09,1.1216968465177501e-09,1.1216968465177501e-09,1.1216968465177501e-09,1.1216968465177501e-09,1.1216968465177501e-09,1.1216968465177501e-09,1.1216968465177501e-09,1.1216968465177501e-09,1.1216968465177501e-09,1.1216968465177501e-09,1.1216968465177501e-09,1.1216968465177501e-09,1.1216968465177501e-09,1.1216968465177501e-09,1.1216968465177501e-09,1.1216968465177501e-09,1.1216968465177501e-09,1.1216968465177501e-09,1.1216968465177501e-09,1.1216968465177501e-09,1.1216968465177501e-09,1.1216968465177501e-09,1.1216968465177501e-09,1.1216968465177501e-09,1.1216968465177501e-09,1.1216968465177501e-09,1.1216968465177501e-09,1.1216968465177501e-09,1.1216968465177501e-09,1.1216968465177501e-09,1.1216968465177501e-09,1.1216968465177501e-09,1.1216968465177501e-09,1.1216968465177501e-09
1980.0,2.1095023155212402,2.5677359104156494,3.393437623977661,0.541027843952179,1.9259599447250366,0.42233240604400635,18.36192512512207,15.60773754119873,0.43151745200157166,238.7069854736328,0.6610464453697205,15.607786178588867,238.7083282470703,0.43151289224624634,0.6610732078552246,0.6059450507164001,1.1254996934439987e-09,1.1254996934439987e-09,1.1254996934439987e-09,1.1254996934439987e-09,1.1254996934439987e-09,1.1254996934439987e-09,1.1254996934439987e-09,1.1254996934439987e-09,1.1254996934439987e-09,1.1254996934439987e-09,1.1254996934439987e-09,1.1254996934439987e-09,1.1254996934439987e-09,1.1254996934439987e-09,1.1254996934439987e-09,1.1254996934439987e-09,1.1254996934439987e-09,1.1254996934439987e-09,1.1254996934439987e-09,1.1254996934439987e-09,1.1254996934439987e-09,1.1254996934439987e-09,1.1254996934439987e-09,1.1254996934439987e-09,1.1254996934439987e-09,1.1254996934439987e-09,1.1254996934439987e-09,1.1254996934439987e-09,1.1254996934439987e-09,1.1254996934439987e-09,1.1254996934439987e-09,1.1254996934439987e-09,1.1254996934439987e-09,1.1254996934439987e-09,1.1254996934439987e-09,1.1254996934439987e-09
2040.0,2.2466883659362793,2.7347311973571777,3.6141209602355957,0.5762155055999756,2.051215410232544,0.4497832953929901,19.555381774902344,16.62218475341797,0.45956525206565857,254.22203063964844,0.7040117383003235,16.622234344482422,254.22341918945312,0.4595605731010437,0.7040392756462097,0.6453291773796082,1.1293025403702472e-09,1.1293025403702472e-09,1.1293025403702472e-09,1.1293025403702472e-09,1.1293025403702472e-09,1.1293025403702472e-09,1.1293025403702472e-09,1.1293025403702472e-09,1.1293025403702472e-09,1.1293025403702472e-09,1.1293025403702472e-09,1.1293025403702472e-09,1.1293025403702472e-09,1.1293025403702472e-09,1.1293025403702472e-09,1.1293025403702472e-09,1.1293025403702472e-09,1.1293025403702472e-09,1.1293025403702472e-09,1.1293025403702472e-09,1.1293025403702472e-09,1.1293025403702472e-09,1.1293025403702472e-09,1.1293025403702472e-09,1.1293025403702472e-09,1.1293025403702472e-09,1.1293025403702472e-09,1.1293025403702472e-09,1.1293025403702472e-09,1.1293025403702472e-09,1.1293025403702472e-09,1.1293025403702472e-09,1.1293025403702472e-09,1.1293025403702472e-09,1.1293025403702472e-09,1.1293025403702472e-09
2100.0,2.388200283050537,2.906992197036743,3.841764211654663,0.6125129461288452,2.1804206371307373,0.4780994951725006,20.786457061767578,17.668607711791992,0.48849719762802124,270.2260437011719,0.7483310103416443,17.668659210205078,270.22747802734375,0.48849236965179443,0.7483593821525574,0.6859546303749084,1.1331054983187983e-09,1.1331054983187983e-09,1.1331054983187983e-09,1.1331054983187983e-09,1.1331054983187983e-09,1.1331054983187983e-09,1.1331054983187983e-09,1.1331054983187983e-09,1.1331054983187983e-09,1.1331054983187983e-09,1.1331054983187983e-09,1.1331054983187983e-09,1.1331054983187983e-09,1.1331054983187983e-09,1.1331054983187983e-09,1.1331054983187983e-09,1.1331054983187983e-09,1.1331054983187983e-09,1.1331054983187983e-09,1.1331054983187983e-09,1.1331054983187983e-09,1.1331054983187983e-09,1.1331054983187983e-09,1.1331054983187983e-09,1.1331054983187983e-09,1.1331054983187983e-09,1.1331054983187983e-09,1.1331054983187983e-09,1.1331054983187983e-09,1.1331054983187983e-09,1.1331054983187983e-09,1.1331054983187983e-09,1.1331054983187983e-09,1.1331054983187983e-09,1.1331054983187983e-09,1.1331054983187983e-09
2160.0,2.5340375900268555,3.084519147872925,4.076369285583496,0.6499200463294983,2.3135757446289062,0.5072808265686035,22.055147171020508,18.74700355529785,0.5183132290840149,286.7191162109375,0.7940044403076172,18.74705696105957,286.7205810546875,0.5183082818984985,0.7940335869789124,0.7278213500976562,1.1369083452450468e-09,1.1369083452450468e-09,1.1369083452450468e-09,1.1369083452450468e-09,1.1369083452450468e-09,1.1369083452450468e-09,1.1369083452450468e-09,1.1369083452450468e-09,1.1369083452450468e-09,1.1369083452450468e-09,1.1369083452450468e-09,1.1369083452450468e-09,1.1369083452450468e-09,1.1369083452450468e-09,1.1369083452450468e-09,1.1369083452450468e-09,1.1369083452450468e-09,1.1369083452450468e-09,1.1369083452450468e-09,1.1369083452450468e-09,1.1369083452450468e-09,1.1369083452450468e-09,1.1369083452450468e-09,1.1369083452450468e-09,1.1369083452450468e-09,1.1369083452450468e-09,1.1369083452450468e-09,1.1369083452450468e-09,1.1369083452450468e-09,1.1369083452450468e-09,1.1369083452450468e-09,1.1369083452450468e-09,1.1369083452450468e-09,1.1369083452450468e-09,1.1369083452450468e-09,1.1369083452450468e-09
2220.0,2.6842010021209717,3.2673120498657227,4.317927360534668,0.6884368658065796,2.45068097114563,0.5373276472091675,23.361461639404297,19.857372283935547,0.5490132570266724,303.7011413574219,0.8410319685935974,19.857425689697266,303.7026672363281,0.5490081310272217,0.8410618901252747,0.7709294557571411,1.1407111921712954e-09,1.1407111921712954e-09,1.1407111921712954e-09,1.1407111921712954e-09,1.1407111921712954e-09,1.1407111921712954e-09,1.1407111921712954e-09,1.1407111921712954e-09,1.1407111921712954e-09,1.1407111921712954e-09,1.1407111921712954e-09,1.1407111921712954e-09,1.1407111921712954e-09,1.1407111921712954e-09,1.1407111921712954e-09,1.1407111921712954e-09,1.1407111921712954e-09,1.1407111921712954e-09,1.1407111921712954e-09,1.1407111921712954e-09,1.1407111921712954e-09,1.1407111921712954e-09,1.1407111921712954e-09,1.1407111921712954e-09,1.1407111921712954e-09,1.1407111921712954e-09,1.1407111921712954e-09,1.1407111921712954e-09,1.1407111921712954e-09,1.1407111921712954e-09,1.1407111921712954e-09,1.1407111921712954e-09,1.1407111921712954e-09,1.1407111921712954e-09,1.1407111921712954e-09,1.1407111921712954e-09
2280.0,2.8386905193328857,3.4553706645965576,4.566449165344238,0.7280634045600891,2.591736316680908,0.5682398080825806,24.705398559570312,20.999713897705078,0.580597460269928,321.1721496582031,0.8894135355949402,20.99976921081543,321.1737060546875,0.5805922150611877,0.8894442915916443,0.8152787685394287,1.144514039097544e-09,1.144514039097544e-09,1.144514039097544e-09,1.144514039097544e-09,1.144514039097544e-09,1.144514039097544e-09,1.144514039097544e-09,1.144514039097544e-09,1.144514039097544e-09,1.144514039097544e-09,1.144514039097544e-09,1.144514039097544e-09,1.144514039097544e-09,1.144514039097544e-09,1.144514039097544e-09,1.144514039097544e-09,1.144514039097544e-09,1.144514039097544e-09,1.144514039097544e-09,1.144514039097544e-09,1.144514039097544e-09,1.144514039097544e-09,1.144514039097544e-09,1.144514039097544e-09,1.144514039097544e-09,1.144514039097544e-09,1.144514039097544e-09,1.144514039097544e-09,1.144514039097544e-09,1.144514039097544e-09,1.144514039097544e-09,1.144514039097544e-09,1.144514039097544e-09,1.144514039097544e-09,1.144514039097544e-09,1.144514039097544e-09
2340.0,2.997506618499756,3.648695468902588,4.821927547454834,0.7687995433807373,2.736741542816162,0.600017249584198,26.086959838867188,22.174030303955078,0.6130658984184265,339.1322021484375,0.9391492009162903,22.174087524414062,339.1337890625,0.613060474395752,0.9391807317733765,0.8608694076538086,1.1483168860237924e-09,1.1483168860237924e-09,1.1483168860237924e-09,1.1483168860237924e-09,1.1483168860237924e-09,1.1483168860237924e-09,1.1483168860237924e-09,1.1483168860237924e-09,1.1483168860237924e-09,1.1483168860237924e-09,1.1483168860237924e-09,1.1483168860237924e-09,1.1483168860237924e-09,1.1483168860237924e-09,1.1483168860237924e-09,1.1483168860237924e-09,1.1483168860237924e-09,1.1483168860237924e-09,1.1483168860237924e-09,1.1483168860237924e-09,1.1483168860237924e-09,1.1483168860237924e-09,1.1483168860237924e-09,1.1483168860237924e-09,1.1483168860237924e-09,1.1483168860237924e-09,1.1483168860237924e-09,1.1483168860237924e-09,1.1483168860237924e-09,1.1483168860237924e-09,1.1483168860237924e-09,1.1483168860237924e-09,1.1483168860237924e-09,1.1483168860237924e-09,1.1483168860237924e-09,1.1483168860237924e-09
2400.0,3.1606481075286865,3.8472859859466553,5.084362506866455,0.8106454610824585,2.8856968879699707,0.6326600313186646,27.506149291992188,23.380319595336914,0.6464180946350098,357.5812072753906,0.9902389049530029,23.38037872314453,357.58282470703125,0.6464125514030457,0.9902712106704712,0.907701313495636,1.1521198439723435e-09,1.1521198439723435e-09,1.1521198439723435e-09,1.1521198439723435e-09,1.1521198439723435e-09,1.1521198439723435e-09,1.1521198439723435e-09,1.1521198439723435e-09,1.1521198439723435e-09,1.1521198439723435e-09,1.1521198439723435e-09,1.1521198439723435e-09,1.1521198439723435e-09,1.1521198439723435e-09,1.1521198439723435e-09,1.1521198439723435e-09,1.1521198439723435e-09,1.1521198439723435e-09,1.1521198439723435e-09,1.1521198439723435e-09,1.1521198439723435e-09,1.1521198439723435e-09,1.1521198439723435e-09,1.1521198439723435e-09,1.1521198439723435e-09,1.1521198439723435e-09,1.1521198439723435e-09,1.1521198439723435e-09,1.1521198439723435e-09,1.1521198439723435e-09,1.1521198439723435e-09,1.1521198439723435e-09,1.1521198439723435e-09,1.1521198439723435e-09,1.1521198439723435e-09,1.1521198439723435e-09
2460.0,3.328115701675415,4.051142692565918,5.353762149810791,0.8536010384559631,3.038602352142334,0.6661680340766907,28.962963104248047,24.61858367919922,0.6806548237800598,376.519287109375,1.0426827669143677,24.61864471435547,376.52093505859375,0.6806491613388062,1.0427157878875732,0.9557745456695557,1.155922690898592e-09,1.155922690898592e-09,1.155922690898592e-09,1.155922690898592e-09,1.155922690898592e-09,1.155922690898592e-09,1.155922690898592e-09,1.155922690898592e-09,1.155922690898592e-09,1.155922690898592e-09,1.155922690898592e-09,1.155922690898592e-09,1.155922690898592e-09,1.155922690898592e-09,1.155922690898592e-09,1.155922690898592e-09,1.155922690898592e-09,1.155922690898592e-09,1.155922690898592e-09,1.155922690898592e-09,1.155922690898592e-09,1.155922690898592e-09,1.155922690898592e-09,1.155922690898592e-09,1.155922690898592e-09,1.155922690898592e-09,1.155922690898592e-09,1.155922690898592e-09,1.155922690898592e-09,1.155922690898592e-09,1.155922690898592e-09,1.155922690898592e-09,1.155922690898592e-09,1.155922690898592e-09,1.155922690898592e-09,1.155922690898592e-09
2520.0,3.499908924102783,4.260264873504639,5.630115509033203,0.897666335105896,3.195457696914673,0.7005414366722107,30.457401275634766,25.888824462890625,0.7157754302024841,395.9462585449219,1.0964806079864502,25.888885498046875,395.9479675292969,0.7157695889472961,1.0965144634246826,1.0050891637802124,1.1597255378248406e-09,1.1597255378248406e-09,1.1597255378248406e-09,1.1597255378248406e-09,1.1597255378248406e-09,1.1597255378248406e-09,1.1597255378248406e-09,1.1597255378248406e-09,1.1597255378248406e-09,1.1597255378248406e-09,1.1597255378248406e-09,1.1597255378248406e-09,1.1597255378248406e-09,1.1597255378248406e-09,1.1597255378248406e-09,1.1597255378248406e-09,1.1597255378248406e-09,1.1597255378248406e-09,1.1597255378248406e-09,1.1597255378248406e-09,1.1597255378248406e-09,1.1597255378248406e-09,1.1597255378248406e-09,1.1597255378248406e-09,1.1597255378248406e-09,1.1597255378248406e-09,1.1597255378248406e-09,1.1597255378248406e-09,1.1597255378248406e-09,1.1597255378248406e-09,1.1597255378248406e-09,1.1597255378248406e-09,1.1597255378248406e-09,1.1597255378248406e-09,1.1597255378248406e-09,1.1597255378248406e-09
2580.0,3.67602801322937,4.474653720855713,5.913430690765381,0.9428412914276123,3.35626220703125,0.7357800602912903,31.989463806152344,27.1910343170166,0.7517801523208618,415.8623352050781,1.15163254737854,27.191097259521484,415.86407470703125,0.7517741918563843,1.1516672372817993,1.0556448698043823,1.1635283847510891e-09,1.1635283847510891e-09,1.1635283847510891e-09,1.1635283847510891e-09,1.1635283847510891e-09,1.1635283847510891e-09,1.1635283847510891e-09,1.1635283847510891e-09,1.1635283847510891e-09,1.1635283847510891e-09,1.1635283847510891e-09,1.1635283847510891e-09,1.1635283847510891e-09,1.1635283847510891e-09,1.1635283847510891e-09,1.1635283847510891e-09,1.1635283847510891e-09,1.1635283847510891e-09,1.1635283847510891e-09,1.1635283847510891e-09,1.1635283847510891e-09,1.1635283847510891e-09,1.1635283847510891e-09,1.1635283847510891e-09,1.1635283847510891e-09,1.1635283847510891e-09,1.1635283847510891e-09,1.1635283847510891e-09,1.1635283847510891e-09,1.1635283847510891e-09,1.1635283847510891e-09,1.1635283847510891e-09,1.1635283847510891e-09,1.1635283847510891e-09,1.1635283847510891e-09,1.1635283847510891e-09
2640.0,3.856473445892334,4.694307804107666,6.203704833984375,0.9891259670257568,3.5210161209106445,0.771884024143219,33.55915451049805,28.525218963623047,0.7886691689491272,436.2673034667969,1.2081385850906372,28.525283813476562,436.26910400390625,0.7886630296707153,1.2081739902496338,1.1074419021606445,1.1673313426996401e-09,1.1673313426996401e-09,1.1673313426996401e-09,1.1673313426996401e-09,1.1673313426996401e-09,1.1673313426996401e-09,1.1673313426996401e-09,1.1673313426996401e-09,1.1673313426996401e-09,1.1673313426996401e-09,1.1673313426996401e-09,1.1673313426996401e-09,1.1673313426996401e-09,1.1673313426996401e-09,1.1673313426996401e-09,1.1673313426996401e-09,1.1673313426996401e-09,1.1673313426996401e-09,1.1673313426996401e-09,1.1673313426996401e-09,1.1673313426996401e-09,1.1673313426996401e-09,1.1673313426996401e-09,1.1673313426996401e-09,1.1673313426996401e-09,1.1673313426996401e-09,1.1673313426996401e-09,1.1673313426996401e-09,1.1673313426996401e-09,1.1673313426996401e-09,1.1673313426996401e-09,1.1673313426996401e-09,1.1673313426996401e-09,1.1673313426996401e-09,1.1673313426996401e-09,1.1673313426996401e-09
2700.0,4.0412445068359375,4.919228553771973,6.5009331703186035,1.0365203619003296,3.6897192001342773,0.8088533282279968,35.16646194458008,29.89137840270996,0.8264419436454773,457.1614685058594,1.2659988403320312,29.891443252563477,457.163330078125,0.8264356851577759,1.2660350799560547,1.1604801416397095,1.1711341896258887e-09,1.1711341896258887e-09,1.1711341896258887e-09,1.1711341896258887e-09,1.1711341896258887e-09,1.1711341896258887e-09,1.1711341896258887e-09,1.1711341896258887e-09,1.1711341896258887e-09,1.1711341896258887e-09,1.1711341896258887e-09,1.1711341896258887e-09,1.1711341896258887e-09,1.1711341896258887e-09,1.1711341896258887e-09,1.1711341896258887e-09,1.1711341896258887e-09,1.1711341896258887e-09,1.1711341896258887e-09,1.1711341896258887e-09,1.1711341896258887e-09,1.1711341896258887e-09,1.1711341896258887e-09,1.1711341896258887e-09,1.1711341896258887e-09,1.1711341896258887e-09,1.1711341896258887e-09,1.1711341896258887e-09,1.1711341896258887e-09,1.1711341896258887e-09,1.1711341896258887e-09,1.1711341896258887e-09,1.1711341896258887e-09,1.1711341896258887e-09,1.1711341896258887e-09,1.1711341896258887e-09
2760.0,4.23034143447876,5.149414539337158,6.80512809753418,1.0850244760513306,3.8623714447021484,0.8466878533363342,36.8114013671875,31.28951072692871,0.8650991916656494,478.54473876953125,1.3252129554748535,31.289579391479492,478.546630859375,0.8650928139686584,1.3252500295639038,1.2147599458694458,1.1749370365521372e-09,1.1749370365521372e-09,1.1749370365521372e-09,1.1749370365521372e-09,1.1749370365521372e-09,1.1749370365521372e-09,1.1749370365521372e-09,1.1749370365521372e-09,1.1749370365521372e-09,1.1749370365521372e-09,1.1749370365521372e-09,1.1749370365521372e-09,1.1749370365521372e-09,1.1749370365521372e-09,1.1749370365521372e-09,1.1749370365521372e-09,1.1749370365521372e-09,1.1749370365521372e-09,1.1749370365521372e-09,1.1749370365521372e-09,1.1749370365521372e-09,1.1749370365521372e-09,1.1749370365521372e-09,1.1749370365521372e-09,1.1749370365521372e-09,1.1749370365521372e-09,1.1749370365521372e-09,1.1749370365521372e-09,1.1749370365521372e-09,1.1749370365521372e-09,1.1749370365521372e-09,1.1749370365521372e-09,1.1749370365521372e-09,1.1749370365521372e-09,1.1749370365521372e-09,1.1749370365521372e-09
2820.0,4.423764705657959,5.384866714477539,7.11627721786499,1.1346380710601807,4.038973331451416,0.8853877186775208,38.49395751953125,32.71961975097656,0.9046403765678406,500.4171142578125,1.3857812881469727,32.719688415527344,500.4190368652344,0.9046338200569153,1.3858190774917603,1.2702808380126953,1.1787398834783858e-09,1.1787398834783858e-09,1.1787398834783858e-09,1.1787398834783858e-09,1.1787398834783858e-09,1.1787398834783858e-09,1.1787398834783858e-09,1.1787398834783858e-09,1.1787398834783858e-09,1.1787398834783858e-09,1.1787398834783858e-09,1.1787398834783858e-09,1.1787398834783858e-09,1.1787398834783858e-09,1.1787398834783858e-09,1.1787398834783858e-09,1.1787398834783858e-09,1.1787398834783858e-09,1.1787398834783858e-09,1.1787398834783858e-09,1.1787398834783858e-09,1.1787398834783858e-09,1.1787398834783858e-09,1.1787398834783858e-09,1.1787398834783858e-09,1.1787398834783858e-09,1.1787398834783858e-09,1.1787398834783858e-09,1.1787398834783858e-09,1.1787398834783858e-09,1.1787398834783858e-09,1.1787398834783858e-09,1.1787398834783858e-09,1.1787398834783858e-09,1.1787398834783858e-09,1.1787398834783858e-09
2880.0,4.621513843536377,5.625584602355957,7.434384822845459,1.1853615045547485,4.219523906707764,0.9249528050422668,40.21414566040039,34.18170166015625,0.9450656175613403,522.7785034179688,1.4477035999298096,34.18177032470703,522.7804565429688,0.9450588822364807,1.447742223739624,1.327043056488037,1.1825427304046343e-09,1.1825427304046343e-09,1.1825427304046343e-09,1.1825427304046343e-09,1.1825427304046343e-09,1.1825427304046343e-09,1.1825427304046343e-09,1.1825427304046343e-09,1.1825427304046343e-09,1.1825427304046343e-09,1.1825427304046343e-09,1.1825427304046343e-09,1.1825427304046343e-09,1.1825427304046343e-09,1.1825427304046343e-09,1.1825427304046343e-09,1.1825427304046343e-09,1.1825427304046343e-09,1.1825427304046343e-09,1.1825427304046343e-09,1.1825427304046343e-09,1.1825427304046343e-09,1.1825427304046343e-09,1.1825427304046343e-09,1.1825427304046343e-09,1.1825427304046343e-09,1.1825427304046343e-09,1.1825427304046343e-09,1.1825427304046343e-09,1.1825427304046343e-09,1.1825427304046343e-09,1.1825427304046343e-09,1.1825427304046343e-09,1.1825427304046343e-09,1.1825427304046343e-09,1.1825427304046343e-09
2940.0,4.823589324951172,5.871568202972412,7.75945520401001,1.2371947765350342,4.40402364730835,0.9653832912445068,41.971954345703125,35.675758361816406,0.9863752126693726,545.629150390625,1.5109800100326538,35.67582702636719,545.6311645507812,0.9863682985305786,1.5110194683074951,1.385046362876892,1.1863456883531853e-09,1.1863456883531853e-09,1.1863456883531853e-09,1.1863456883531853e-09,1.1863456883531853e-09,1.1863456883531853e-09,1.1863456883531853e-09,1.1863456883531853e-09,1.1863456883531853e-09,1.1863456883531853e-09,1.1863456883531853e-09,1.1863456883531853e-09,1.1863456883531853e-09,1.1863456883531853e-09,1.1863456883531853e-09,1.1863456883531853e-09,1.1863456883531853e-09,1.1863456883531853e-09,1.1863456883531853e-09,1.1863456883531853e-09,1.1863456883531853e-09,1.1863456883531853e-09,1.1863456883531853e-09,1.1863456883531853e-09,1.1863456883531853e-09,1.1863456883531853e-09,1.1863456883531853e-09,1.1863456883531853e-09,1.1863456883531853e-09,1.1863456883531853e-09,1.1863456883531853e-09,1.1863456883531853e-09,1.1863456883531853e-09,1.1863456883531853e-09,1.1863456883531853e-09,1.1863456883531853e-09
3000.0,5.029990196228027,6.122818470001221,8.09148120880127,1.2901376485824585,4.592472553253174,1.006678819656372,43.76738739013672,37.2017822265625,1.0285685062408447,568.9688720703125,1.5756107568740845,37.20185852050781,568.970947265625,1.0285615921020508,1.5756508111953735,1.4442912340164185,1.1901485352794339e-09,1.1901485352794339e-09,1.1901485352794339e-09,1.1901485352794339e-09,1.1901485352794339e-09,1.1901485352794339e-09,1.1901485352794339e-09,1.1901485352794339e-09,1.1901485352794339e-09,1.1901485352794339e-09,1.1901485352794339e-09,1.1901485352794339e-09,1.1901485352794339e-09,1.1901485352794339e-09,1.1901485352794339e-09,1.1901485352794339e-09,1.1901485352794339e-09,1.1901485352794339e-09,1.1901485352794339e-09,1.1901485352794339e-09,1.1901485352794339e-09,1.1901485352794339e-09,1.1901485352794339e-09,1.1901485352794339e-09,1.1901485352794339e-09,1.1901485352794339e-09,1.1901485352794339e-09,1.1901485352794339e-09,1.1901485352794339e-09,1.1901485352794339e-09,1.1901485352794339e-09,1.1901485352794339e-09,1.1901485352794339e-09,1.1901485352794339e-09,1.1901485352794339e-09,1.1901485352794339e-09
3060.0,5.240716934204102,6.379334449768066,8.430466651916504,1.3441901206970215,4.784870624542236,1.0488399267196655,45.60044479370117,38.75978088378906,1.0716460943222046,592.7977294921875,1.6415952444076538,38.759857177734375,592.7999267578125,1.071639060974121,1.6416361331939697,1.504777431488037,1.1939513822056824e-09,1.1939513822056824e-09,1.1939513822056824e-09,1.1939513822056824e-09,1.1939513822056824e-09,1.1939513822056824e-09,1.1939513822056824e-09,1.1939513822056824e-09,1.1939513822056824e-09,1.1939513822056824e-09,1.1939513822056824e-09,1.1939513822056824e-09,1.1939513822056824e-09,1.1939513822056824e-09,1.1939513822056824e-09,1.1939513822056824e-09,1.1939513822056824e-09,1.1939513822056824e-09,1.1939513822056824e-09,1.1939513822056824e-09,1.1939513822056824e-09,1.1939513822056824e-09,1.1939513822056824e-09,1.1939513822056824e-09,1.1939513822056824e-09,1.1939513822056824e-09,1.1939513822056824e-09,1.1939513822056824e-09,1.1939513822056824e-09,1.1939513822056824e-09,1.1939513822056824e-09,1.1939513822056824e-09,1.1939513822056824e-09,1.1939513822056824e-09,1.1939513822056824e-09,1.1939513822056824e-09
3120.0,5.4557695388793945,6.641116142272949,8.776410102844238,1.3993521928787231,4.981217861175537,1.0918662548065186,47.471134185791016,40.349761962890625,1.1156078577041626,617.11572265625,1.7089338302612305,40.34983825683594,617.117919921875,1.1156005859375,1.7089755535125732,1.566504716873169,1.197754229131931e-09,1.197754229131931e-09,1.197754229131931e-09,1.197754229131931e-09,1.197754229131931e-09,1.197754229131931e-09,1.197754229131931e-09,1.197754229131931e-09,1.197754229131931e-09,1.197754229131931e-09,1.197754229131931e-09,1.197754229131931e-09,1.197754229131931e-09,1.197754229131931e-09,1.197754229131931e-09,1.197754229131931e-09,1.197754229131931e-09,1.197754229131931e-09,1.197754229131931e-09,1.197754229131931e-09,1.197754229131931e-09,1.197754229131931e-09,1.197754229131931e-09,1.197754229131931e-09,1.197754229131931e-09,1.197754229131931e-09,1.197754229131931e-09,1.197754229131931e-09,1.197754229131931e-09,1.197754229131931e-09,1.197754229131931e-09,1.197754229131931e-09,1.197754229131931e-09,1.197754229131931e-09,1.197754229131931e-09,1.197754229131931e-09
3180.0,5.675148010253906,6.908164024353027,9.129316329956055,1.4556242227554321,5.181514263153076,1.1357581615447998,49.37944793701172,41.97171401977539,1.1604537963867188,641.9229125976562,1.7776267528533936,41.9717903137207,641.9251098632812,1.1604465246200562,1.7776693105697632,1.629473328590393,1.2015570760581795e-09,1.2015570760581795e-09,1.2015570760581795e-09,1.2015570760581795e-09,1.2015570760581795e-09,1.2015570760581795e-09,1.2015570760581795e-09,1.2015570760581795e-09,1.2015570760581795e-09,1.2015570760581795e-09,1.2015570760581795e-09,1.2015570760581795e-09,1.2015570760581795e-09,1.2015570760581795e-09,1.2015570760581795e-09,1.2015570760581795e-09,1.2015570760581795e-09,1.2015570760581795e-09,1.2015570760581795e-09,1.2015570760581795e-09,1.2015570760581795e-09,1.2015570760581795e-09,1.2015570760581795e-09,1.2015570760581795e-09,1.2015570760581795e-09,1.2015570760581795e-09,1.2015570760581795e-09,1.2015570760581795e-09,1.2015570760581795e-09,1.2015570760581795e-09,1.2015570760581795e-09,1.2015570760581795e-09,1.2015570760581795e-09,1.2015570760581795e-09,1.2015570760581795e-09,1.2015570760581795e-09
3240.0,5.898853302001953,7.180477142333984,9.489174842834473,1.5130058526992798,5.385760307312012,1.180515170097351,51.32538604736328,43.625640869140625,1.2061835527420044,667.2191772460938,1.8476735353469849,43.62571716308594,667.2213745117188,1.2061760425567627,1.8477168083190918,1.6936832666397095,1.2053600340067305e-09,1.2053600340067305e-09,1.2053600340067305e-09,1.2053600340067305e-09,1.2053600340067305e-09,1.2053600340067305e-09,1.2053600340067305e-09,1.2053600340067305e-09,1.2053600340067305e-09,1.2053600340067305e-09,1.2053600340067305e-09,1.2053600340067305e-09,1.2053600340067305e-09,1.2053600340067305e-09,1.2053600340067305e-09,1.2053600340067305e-09,1.2053600340067305e-09,1.2053600340067305e-09,1.2053600340067305e-09,1.2053600340067305e-09,1.2053600340067305e-09,1.2053600340067305e-09,1.2053600340067305e-09,1.2053600340067305e-09,1.2053600340067305e-09,1.2053600340067305e-09,1.2053600340067305e-09,1.2053600340067305e-09,1.2053600340067305e-09,1.2053600340067305e-09,1.2053600340067305e-09,1.2053600340067305e-09,1.2053600340067305e-09,1.2053600340067305e-09,1.2053600340067305e-09,1.2053600340067305e-09
3300.0,6.1268839836120605,7.458056926727295,9.855998992919922,1.5714970827102661,5.5939555168151855,1.2261375188827515,53.3089485168457,45.31153106689453,1.2527978420257568,693.0045166015625,1.919074296951294,45.311614990234375,693.0067749023438,1.2527903318405151,1.9191184043884277,1.759134292602539,1.209162880932979e-09,1.209162880932979e-09,1.209162880932979e-09,1.209162880932979e-09,1.209162880932979e-09,1.209162880932979e-09,1.209162880932979e-09,1.209162880932979e-09,1.209162880932979e-09,1.209162880932979e-09,1.209162880932979e-09,1.209162880932979e-09,1.209162880932979e-09,1.209162880932979e-09,1.209162880932979e-09,1.209162880932979e-09,1.209162880932979e-09,1.209162880932979e-09,1.209162880932979e-09,1.209162880932979e-09,1.209162880932979e-09,1.209162880932979e-09,1.209162880932979e-09,1.209162880932979e-09,1.209162880932979e-09,1.209162880932979e-09,1.209162880932979e-09,1.209162880932979e-09,1.209162880932979e-09,1.209162880932979e-09,1.209162880932979e-09,1.209162880932979e-09,1.209162880932979e-09,1.209162880932979e-09,1.209162880932979e-09,1.209162880932979e-09
3360.0,6.359240531921387,7.740901947021484,10.229780197143555,1.6310981512069702,5.8060994148254395,1.2726250886917114,55.330135345458984,47.02939987182617,1.3002960681915283,719.2789916992188,1.9918292760849,47.029483795166016,719.2813110351562,1.300288200378418,1.9918742179870605,1.8258270025253296,1.2129657278592276e-09,1.2129657278592276e-09,1.2129657278592276e-09,1.2129657278592276e-09,1.2129657278592276e-09,1.2129657278592276e-09,1.2129657278592276e-09,1.2129657278592276e-09,1.2129657278592276e-09,1.2129657278592276e-09,1.2129657278592276e-09,1.2129657278592276e-09,1.2129657278592276e-09,1.2129657278592276e-09,1.2129657278592276e-09,1.2129657278592276e-09,1.2129657278592276e-09,1.2129657278592276e-09,1.2129657278592276e-09,1.2129657278592276e-09,1.2129657278592276e-09,1.2129657278592276e-09,1.2129657278592276e-09,1.2129657278592276e-09,1.2129657278592276e-09,1.2129657278592276e-09,1.2129657278592276e-09,1.2129657278592276e-09,1.2129657278592276e-09,1.2129657278592276e-09,1.2129657278592276e-09,1.2129657278592276e-09,1.2129657278592276e-09,1.2129657278592276e-09,1.2129657278592276e-09,1.2129657278592276e-09
3420.0,6.59592342376709,8.029012680053711,10.610516548156738,1.6918089389801025,6.02219295501709,1.3199782371520996,57.388946533203125,48.77924728393555,1.3486782312393188,746.0426025390625,2.0659384727478027,48.77933120727539,746.0449829101562,1.3486703634262085,2.0659842491149902,1.8937608003616333,1.2167685747854762e-09,1.2167685747854762e-09,1.2167685747854762e-09,1.2167685747854762e-09,1.2167685747854762e-09,1.2167685747854762e-09,1.2167685747854762e-09,1.2167685747854762e-09,1.2167685747854762e-09,1.2167685747854762e-09,1.2167685747854762e-09,1.2167685747854762e-09,1.2167685747854762e-09,1.2167685747854762e-09,1.2167685747854762e-09,1.2167685747854762e-09,1.2167685747854762e-09,1.2167685747854762e-09,1.2167685747854762e-09,1.2167685747854762e-09,1.2167685747854762e-09,1.2167685747854762e-09,1.2167685747854762e-09,1.2167685747854762e-09,1.2167685747854762e-09,1.2167685747854762e-09,1.2167685747854762e-09,1.2167685747854762e-09,1.2167685747854762e-09,1.2167685747854762e-09,1.2167685747854762e-09,1.2167685747854762e-09,1.2167685747854762e-09,1.2167685747854762e-09,1.2167685747854762e-09,1.2167685747854762e-09
3480.0,6.8369317054748535,8.32239055633545,10.998218536376953,1.7536293268203735,6.2422356605529785,1.3681964874267578,59.485382080078125,50.561065673828125,1.3979448080062866,773.2953491210938,2.141401529312134,50.56114959716797,773.2977905273438,1.3979367017745972,2.1414480209350586,1.9629358053207397,1.2205714217117247e-09,1.2205714217117247e-09,1.2205714217117247e-09,1.2205714217117247e-09,1.2205714217117247e-09,1.2205714217117247e-09,1.2205714217117247e-09,1.2205714217117247e-09,1.2205714217117247e-09,1.2205714217117247e-09,1.2205714217117247e-09,1.2205714217117247e-09,1.2205714217117247e-09,1.2205714217117247e-09,1.2205714217117247e-09,1.2205714217117247e-09,1.2205714217117247e-09,1.2205714217117247e-09,1.2205714217117247e-09,1.2205714217117247e-09,1.2205714217117247e-09,1.2205714217117247e-09,1.2205714217117247e-09,1.2205714217117247e-09,1.2205714217117247e-09,1.2205714217117247e-09,1.2205714217117247e-09,1.2205714217117247e-09,1.2205714217117247e-09,1.2205714217117247e-09,1.2205714217117247e-09,1.2205714217117247e-09,1.2205714217117247e-09,1.2205714217117247e-09,1.2205714217117247e-09,1.2205714217117247e-09
3540.0,7.082266330718994,8.621034622192383,11.392874717712402,1.8165593147277832,6.466227054595947,1.4172800779342651,61.619441986083984,52.37485885620117,1.4480950832366943,801.0371704101562,2.2182188034057617,52.37494659423828,801.0396728515625,1.4480869770050049,2.218266010284424,2.0333521366119385,1.2243743796602757e-09,1.2243743796602757e-09,1.2243743796602757e-09,1.2243743796602757e-09,1.2243743796602757e-09,1.2243743796602757e-09,1.2243743796602757e-09,1.2243743796602757e-09,1.2243743796602757e-09,1.2243743796602757e-09,1.2243743796602757e-09,1.2243743796602757e-09,1.2243743796602757e-09,1.2243743796602757e-09,1.2243743796602757e-09,1.2243743796602757e-09,1.2243743796602757e-09,1.2243743796602757e-09,1.2243743796602757e-09,1.2243743796602757e-09,1.2243743796602757e-09,1.2243743796602757e-09,1.2243743796602757e-09,1.2243743796602757e-09,1.2243743796602757e-09,1.2243743796602757e-09,1.2243743796602757e-09,1.2243743796602757e-09,1.2243743796602757e-09,1.2243743796602757e-09,1.2243743796602757e-09,1.2243743796602757e-09,1.2243743796602757e-09,1.2243743796602757e-09,1.2243743796602757e-09,1.2243743796602757e-09
3600.0,7.331926345825195,8.924943923950195,11.794490814208984,1.8805991411209106,6.6941680908203125,1.4672290086746216,63.79113006591797,54.22062683105469,1.4991300106048584,829.2681884765625,2.2963900566101074,54.22071838378906,829.2706909179688,1.4991215467453003,2.296438217163086,2.1050095558166504,1.2281772265865243e-09,1.2281772265865243e-09,1.2281772265865243e-09,1.2281772265865243e-09,1.2281772265865243e-09,1.2281772265865243e-09,1.2281772265865243e-09,1.2281772265865243e-09,1.2281772265865243e-09,1.2281772265865243e-09,1.2281772265865243e-09,1.2281772265865243e-09,1.2281772265865243e-09,1.2281772265865243e-09,1.2281772265865243e-09,1.2281772265865243e-09,1.2281772265865243e-09,1.2281772265865243e-09,1.2281772265865243e-09,1.2281772265865243e-09,1.2281772265865243e-09,1.2281772265865243e-09,1.2281772265865243e-09,1.2281772265865243e-09,1.2281772265865243e-09,1.2281772265865243e-09,1.2281772265865243e-09,1.2281772265865243e-09,1.2281772265865243e-09,1.2281772265865243e-09,1.2281772265865243e-09,1.2281772265865243e-09,1.2281772265865243e-09,1.2281772265865243e-09,1.2281772265865243e-09,1.2281772265865243e-09
3660.0,7.585913181304932,9.234118461608887,12.203067779541016,1.9457486867904663,6.926058769226074,1.5180432796478271,66.00043487548828,56.09836196899414,1.5510486364364624,857.9883422851562,2.375915288925171,56.098453521728516,857.9908447265625,1.5510401725769043,2.3759641647338867,2.1779086589813232,1.2319800735127728e-09,1.2319800735127728e-09,1.2319800735127728e-09,1.2319800735127728e-09,1.2319800735127728e-09,1.2319800735127728e-09,1.2319800735127728e-09,1.2319800735127728e-09,1.2319800735127728e-09,1.2319800735127728e-09,1.2319800735127728e-09,1.2319800735127728e-09,1.2319800735127728e-09,1.2319800735127728e-09,1.2319800735127728e-09,1.2319800735127728e-09,1.2319800735127728e-09,1.2319800735127728e-09,1.2319800735127728e-09,1.2319800735127728e-09,1.2319800735127728e-09,1.2319800735127728e-09,1.2319800735127728e-09,1.2319800735127728e-09,1.2319800735127728e-09,1.2319800735127728e-09,1.2319800735127728e-09,1.2319800735127728e-09,1.2319800735127728e-09,1.2319800735127728e-09,1.2319800735127728e-09,1.2319800735127728e-09,1.2319800735127728e-09,1.2319800735127728e-09,1.2319800735127728e-09,1.2319800735127728e-09
3720.0,7.844225883483887,9.548559188842773,12.618597984313965,2.0120081901550293,7.161898136138916,1.5697227716445923,68.24736785888672,58.00807189941406,1.6038514375686646,887.1975708007812,2.4567954540252686,58.00816345214844,887.2000732421875,1.6038427352905273,2.4568450450897217,2.2520487308502197,1.2357829204390214e-09,1.2357829204390214e-09,1.2357829204390214e-09,1.2357829204390214e-09,1.2357829204390214e-09,1.2357829204390214e-09,1.2357829204390214e-09,1.2357829204390214e-09,1.2357829204390214e-09,1.2357829204390214e-09,1.2357829204390214e-09,1.2357829204390214e-09,1.2357829204390214e-09,1.2357829204390214e-09,1.2357829204390214e-09,1.2357829204390214e-09,1.2357829204390214e-09,1.2357829204390214e-09,1.2357829204390214e-09,1.2357829204390214e-09,1.2357829204390214e-09,1.2357829204390214e-09,1.2357829204390214e-09,1.2357829204390214e-09,1.2357829204390214e-09,1.2357829204390214e-09,1.2357829204390214e-09,1.2357829204390214e-09,1.2357829204390214e-09,1.2357829204390214e-09,1.2357829204390214e-09,1.2357829204390214e-09,1.2357829204390214e-09,1.2357829204390214e-09,1.2357829204390214e-09,1.2357829204390214e-09
3780.0,8.106864929199219,9.868267059326172,13.041094779968262,2.0793769359588623,7.401686668395996,1.6222676038742065,70.53191375732422,59.949764251708984,1.6575385332107544,916.8958740234375,2.539030075073242,59.94985580444336,916.8984375,1.6575297117233276,2.539080858230591,2.327430248260498,1.23958576736527e-09,1.23958576736527e-09,1.23958576736527e-09,1.23958576736527e-09,1.23958576736527e-09,1.23958576736527e-09,1.23958576736527e-09,1.23958576736527e-09,1.23958576736527e-09,1.23958576736527e-09,1.23958576736527e-09,1.23958576736527e-09,1.23958576736527e-09,1.23958576736527e-09,1.23958576736527e-09,1.23958576736527e-09,1.23958576736527e-09,1.23958576736527e-09,1.23958576736527e-09,1.23958576736527e-09,1.23958576736527e-09,1.23958576736527e-09,1.23958576736527e-09,1.23958576736527e-09,1.23958576736527e-09,1.23958576736527e-09,1.23958576736527e-09,1.23958576736527e-09,1.23958576736527e-09,1.23958576736527e-09,1.23958576736527e-09,1.23958576736527e-09,1.23958576736527e-09,1.23958576736527e-09,1.23958576736527e-09,1.23958576736527e-09
3840.0,8.373827934265137,10.193243026733398,13.47054672241211,2.147855520248413,7.645424842834473,1.67567777633667,72.8541030883789,61.92342758178711,1.7121095657348633,947.0833129882812,2.622619152069092,61.923519134521484,947.0859375,1.7121003866195679,2.6226706504821777,2.404053211212158,1.2433886142915185e-09,1.2433886142915185e-09,1.2433886142915185e-09,1.2433886142915185e-09,1.2433886142915185e-09,1.2433886142915185e-09,1.2433886142915185e-09,1.2433886142915185e-09,1.2433886142915185e-09,1.2433886142915185e-09,1.2433886142915185e-09,1.2433886142915185e-09,1.2433886142915185e-09,1.2433886142915185e-09,1.2433886142915185e-09,1.2433886142915185e-09,1.2433886142915185e-09,1.2433886142915185e-09,1.2433886142915185e-09,1.2433886142915185e-09,1.2433886142915185e-09,1.2433886142915185e-09,1.2433886142915185e-09,1.2433886142915185e-09,1.2433886142915185e-09,1.2433886142915185e-09,1.2433886142915185e-09,1.2433886142915185e-09,1.2433886142915185e-09,1.2433886142915185e-09,1.2433886142915185e-09,1.2433886142915185e-09,1.2433886142915185e-09,1.2433886142915185e-09,1.2433886142915185e-09,1.2433886142915185e-09
3900.0,8.64511775970459,10.52348804473877,13.90695571899414,2.2174437046051025,7.893111705780029,1.7299531698226929,75.21391296386719,63.92906188964844,1.7675646543502808,977.7599487304688,2.7075629234313965,63.92915725708008,977.7626342773438,1.7675554752349854,2.707615375518799,2.481917142868042,1.24718979588323e-09,1.24718979588323e-09,1.24718979588323e-09,1.24718979588323e-09,1.24718979588323e-09,1.24718979588323e-09,1.24718979588323e-09,1.24718979588323e-09,1.24718979588323e-09,1.24718979588323e-09,1.24718979588323e-09,1.24718979588323e-09,1.24718979588323e-09,1.24718979588323e-09,1.24718979588323e-09,1.24718979588323e-09,1.24718979588323e-09,1.24718979588323e-09,1.24718979588323e-09,1.24718979588323e-09,1.24718979588323e-09,1.24718979588323e-09,1.24718979588323e-09,1.24718979588323e-09,1.24718979588323e-09,1.24718979588323e-09,1.24718979588323e-09,1.24718979588323e-09,1.24718979588323e-09,1.24718979588323e-09,1.24718979588323e-09,1.24718979588323e-09,1.24718979588323e-09,1.24718979588323e-09,1.24718979588323e-09,1.24718979588323e-09
3960.0,8.920735359191895,10.859001159667969,14.35032844543457,2.2881414890289307,8.14474868774414,1.785093903541565,77.61133575439453,65.9666748046875,1.823904037475586,1008.9255981445312,2.7938616275787354,65.9667739868164,1008.9283447265625,1.8238946199417114,2.793914794921875,2.5610225200653076,1.2509909774749417e-09,1.2509909774749417e-09,1.2509909774749417e-09,1.2509909774749417e-09,1.2509909774749417e-09,1.2509909774749417e-09,1.2509909774749417e-09,1.2509909774749417e-09,1.2509909774749417e-09,1.2509909774749417e-09,1.2509909774749417e-09,1.2509909774749417e-09,1.2509909774749417e-09,1.2509909774749417e-09,1.2509909774749417e-09,1.2509909774749417e-09,1.2509909774749417e-09,1.2509909774749417e-09,1.2509909774749417e-09,1.2509909774749417e-09,1.2509909774749417e-09,1.2509909774749417e-09,1.2509909774749417e-09,1.2509909774749417e-09,1.2509909774749417e-09,1.2509909774749417e-09,1.2509909774749417e-09,1.2509909774749417e-09,1.2509909774749417e-09,1.2509909774749417e-09,1.2509909774749417e-09,1.2509909774749417e-09,1.2509909774749417e-09,1.2509909774749417e-09,1.2509909774749417e-09,1.2509909774749417e-09
4020.0,9.200676918029785,11.19978141784668,14.800654411315918,2.3599491119384766,8.400333404541016,1.8410999774932861,80.04638671875,68.0362548828125,1.8811272382736206,1040.580322265625,2.88151478767395,68.0363540649414,1040.583251953125,1.8811177015304565,2.8815689086914062,2.641369581222534,1.2547920480443508e-09,1.2547920480443508e-09,1.2547920480443508e-09,1.2547920480443508e-09,1.2547920480443508e-09,1.2547920480443508e-09,1.2547920480443508e-09,1.2547920480443508e-09,1.2547920480443508e-09,1.2547920480443508e-09,1.2547920480443508e-09,1.2547920480443508e-09,1.2547920480443508e-09,1.2547920480443508e-09,1.2547920480443508e-09,1.2547920480443508e-09,1.2547920480443508e-09,1.2547920480443508e-09,1.2547920480443508e-09,1.2547920480443508e-09,1.2547920480443508e-09,1.2547920480443508e-09,1.2547920480443508e-09,1.2547920480443508e-09,1.2547920480443508e-09,1.2547920480443508e-09,1.2547920480443508e-09,1.2547920480443508e-09,1.2547920480443508e-09,1.2547920480443508e-09,1.2547920480443508e-09,1.2547920480443508e-09,1.2547920480443508e-09,1.2547920480443508e-09,1.2547920480443508e-09,1.2547920480443508e-09
4080.0,9.484945297241211,11.545831680297852,15.257944107055664,2.4328665733337402,8.659869194030762,1.8979713916778564,82.51908111572266,70.13780975341797,1.939234972000122,1072.7242431640625,2.97052264213562,70.1379165649414,1072.727294921875,1.9392253160476685,2.9705774784088135,2.7229580879211426,1.2585932296360625e-09,1.2585932296360625e-09,1.2585932296360625e-09,1.2585932296360625e-09,1.2585932296360625e-09,1.2585932296360625e-09,1.2585932296360625e-09,1.2585932296360625e-09,1.2585932296360625e-09,1.2585932296360625e-09,1.2585932296360625e-09,1.2585932296360625e-09,1.2585932296360625e-09,1.2585932296360625e-09,1.2585932296360625e-09,1.2585932296360625e-09,1.2585932296360625e-09,1.2585932296360625e-09,1.2585932296360625e-09,1.2585932296360625e-09,1.2585932296360625e-09,1.2585932296360625e-09,1.2585932296360625e-09,1.2585932296360625e-09,1.2585932296360625e-09,1.2585932296360625e-09,1.2585932296360625e-09,1.2585932296360625e-09,1.2585932296360625e-09,1.2585932296360625e-09,1.2585932296360625e-09,1.2585932296360625e-09,1.2585932296360625e-09,1.2585932296360625e-09,1.2585932296360625e-09,1.2585932296360625e-09
4140.0,9.773539543151855,11.897149085998535,15.72219181060791,2.5068933963775635,8.923352241516113,1.9557080268859863,85.02938079833984,72.2713394165039,1.9982264041900635,1105.357177734375,3.060884952545166,72.27144622802734,1105.3603515625,1.9982166290283203,3.060940742492676,2.80578875541687,1.262394411227774e-09,1.262394411227774e-09,1.262394411227774e-09,1.262394411227774e-09,1.262394411227774e-09,1.262394411227774e-09,1.262394411227774e-09,1.262394411227774e-09,1.262394411227774e-09,1.262394411227774e-09,1.262394411227774e-09,1.262394411227774e-09,1.262394411227774e-09,1.262394411227774e-09,1.262394411227774e-09,1.262394411227774e-09,1.262394411227774e-09,1.262394411227774e-09,1.262394411227774e-09,1.262394411227774e-09,1.262394411227774e-09,1.262394411227774e-09,1.262394411227774e-09,1.262394411227774e-09,1.262394411227774e-09,1.262394411227774e-09,1.262394411227774e-09,1.262394411227774e-09,1.262394411227774e-09,1.262394411227774e-09,1.262394411227774e-09,1.262394411227774e-09,1.262394411227774e-09,1.262394411227774e-09,1.262394411227774e-09,1.262394411227774e-09
4200.0,10.066458702087402,12.253734588623047,16.193395614624023,2.5820302963256836,9.19078540802002,2.014310121536255,87.57730102539062,74.43684387207031,2.0581021308898926,1138.4794921875,3.152602195739746,74.43695068359375,1138.4827880859375,2.0580923557281494,3.1526589393615723,2.8898611068725586,1.2661955928194857e-09,1.2661955928194857e-09,1.2661955928194857e-09,1.2661955928194857e-09,1.2661955928194857e-09,1.2661955928194857e-09,1.2661955928194857e-09,1.2661955928194857e-09,1.2661955928194857e-09,1.2661955928194857e-09,1.2661955928194857e-09,1.2661955928194857e-09,1.2661955928194857e-09,1.2661955928194857e-09,1.2661955928194857e-09,1.2661955928194857e-09,1.2661955928194857e-09,1.2661955928194857e-09,1.2661955928194857e-09,1.2661955928194857e-09,1.2661955928194857e-09,1.2661955928194857e-09,1.2661955928194857e-09,1.2661955928194857e-09,1.2661955928194857e-09,1.2661955928194857e-09,1.2661955928194857e-09,1.2661955928194857e-09,1.2661955928194857e-09,1.2661955928194857e-09,1.2661955928194857e-09,1.2661955928194857e-09,1.2661955928194857e-09,1.2661955928194857e-09,1.2661955928194857e-09,1.2661955928194857e-09
4260.0,10.363704681396484,12.61558723449707,16.67156410217285,2.6582767963409424,9.462167739868164,2.073777198791504,90.1628646850586,76.63432312011719,2.1188621520996094,1172.0906982421875,3.245673656463623,76.63442993164062,1172.0941162109375,2.118852138519287,3.2457313537597656,2.975175380706787,1.2699967744111973e-09,1.2699967744111973e-09,1.2699967744111973e-09,1.2699967744111973e-09,1.2699967744111973e-09,1.2699967744111973e-09,1.2699967744111973e-09,1.2699967744111973e-09,1.2699967744111973e-09,1.2699967744111973e-09,1.2699967744111973e-09,1.2699967744111973e-09,1.2699967744111973e-09,1.2699967744111973e-09,1.2699967744111973e-09,1.2699967744111973e-09,1.2699967744111973e-09,1.2699967744111973e-09,1.2699967744111973e-09,1.2699967744111973e-09,1.2699967744111973e-09,1.2699967744111973e-09,1.2699967744111973e-09,1.2699967744111973e-09,1.2699967744111973e-09,1.2699967744111973e-09,1.2699967744111973e-09,1.2699967744111973e-09,1.2699967744111973e-09,1.2699967744111973e-09,1.2699967744111973e-09,1.2699967744111973e-09,1.2699967744111973e-09,1.2699967744111973e-09,1.2699967744111973e-09,1.2699967744111973e-09
4320.0,10.665276527404785,12.982709884643555,17.15668296813965,2.7356326580047607,9.73749828338623,2.1341099739074707,92.78604125976562,78.86377716064453,2.1805059909820557,1206.191162109375,3.3401002883911133,78.86388397216797,1206.194580078125,2.1804957389831543,3.340158700942993,3.0617311000823975,1.273797956002909e-09,1.273797956002909e-09,1.273797956002909e-09,1.273797956002909e-09,1.273797956002909e-09,1.273797956002909e-09,1.273797956002909e-09,1.273797956002909e-09,1.273797956002909e-09,1.273797956002909e-09,1.273797956002909e-09,1.273797956002909e-09,1.273797956002909e-09,1.273797956002909e-09,1.273797956002909e-09,1.273797956002909e-09,1.273797956002909e-09,1.273797956002909e-09,1.273797956002909e-09,1.273797956002909e-09,1.273797956002909e-09,1.273797956002909e-09,1.273797956002909e-09,1.273797956002909e-09,1.273797956002909e-09,1.273797956002909e-09,1.273797956002909e-09,1.273797956002909e-09,1.273797956002909e-09,1.273797956002909e-09,1.273797956002909e-09,1.273797956002909e-09,1.273797956002909e-09,1.273797956002909e-09,1.273797956002909e-09,1.273797956002909e-09
4380.0,10.971174240112305,13.355098724365234,17.648767471313477,2.814098834991455,10.016779899597168,2.195307970046997,95.44683837890625,81.12519073486328,2.2430343627929688,1240.7806396484375,3.4358811378479004,81.12530517578125,1240.7840576171875,2.2430241107940674,3.4359402656555176,3.149529218673706,1.2775991375946205e-09,1.2775991375946205e-09,1.2775991375946205e-09,1.2775991375946205e-09,1.2775991375946205e-09,1.2775991375946205e-09,1.2775991375946205e-09,1.2775991375946205e-09,1.2775991375946205e-09,1.2775991375946205e-09,1.2775991375946205e-09,1.2775991375946205e-09,1.2775991375946205e-09,1.2775991375946205e-09,1.2775991375946205e-09,1.2775991375946205e-09,1.2775991375946205e-09,1.2775991375946205e-09,1.2775991375946205e-09,1.2775991375946205e-09,1.2775991375946205e-09,1.2775991375946205e-09,1.2775991375946205e-09,1.2775991375946205e-09,1.2775991375946205e-09,1.2775991375946205e-09,1.2775991375946205e-09,1.2775991375946205e-09,1.2775991375946205e-09,1.2775991375946205e-09,1.2775991375946205e-09,1.2775991375946205e-09,1.2775991375946205e-09,1.2775991375946205e-09,1.2775991375946205e-09,1.2775991375946205e-09
4440.0,11.281396865844727,13.732757568359375,18.147809982299805,2.893673896789551,10.300009727478027,2.257371187210083,98.145263671875,83.41859436035156,2.3064463138580322,1275.859375,3.5330169200897217,83.41870880126953,1275.86279296875,2.3064358234405518,3.5330772399902344,3.2385692596435547,1.2814003191863321e-09,1.2814003191863321e-09,1.2814003191863321e-09,1.2814003191863321e-09,1.2814003191863321e-09,1.2814003191863321e-09,1.2814003191863321e-09,1.2814003191863321e-09,1.2814003191863321e-09,1.2814003191863321e-09,1.2814003191863321e-09,1.2814003191863321e-09,1.2814003191863321e-09,1.2814003191863321e-09,1.2814003191863321e-09,1.2814003191863321e-09,1.2814003191863321e-09,1.2814003191863321e-09,1.2814003191863321e-09,1.2814003191863321e-09,1.2814003191863321e-09,1.2814003191863321e-09,1.2814003191863321e-09,1.2814003191863321e-09,1.2814003191863321e-09,1.2814003191863321e-09,1.2814003191863321e-09,1.2814003191863321e-09,1.2814003191863321e-09,1.2814003191863321e-09,1.2814003191863321e-09,1.2814003191863321e-09,1.2814003191863321e-09,1.2814003191863321e-09,1.2814003191863321e-09,1.2814003191863321e-09
